0 0
1 0
1 1
2 1
3 1
3 0
4 0
5 0
5 1
6 1
6 2
7 2
7 3
7 4
8 4
8 3
8 2
9 2
9 1
8 1
7 1
7 0
8 0
9 0
10 0
10 1
10 2
10 3
11 3
11 2
12 2
12 3
12 4
11 4
10 4
10 5
10 6
10 7
11 7
12 7
13 7
14 7
15 7
16 7
17 7
17 8
18 8
18 7
19 7
19 8
19 9
18 9
18 10
17 10
17 11
17 12
16 12
15 12
15 13
14 13
14 12
13 12
13 11
13 10
13 9
13 8
12 8
11 8
11 9
12 9
12 10
11 10
11 11
11 12
11 13
12 13
12 14
12 15
13 15
14 15
14 14
15 14
16 14
17 14
17 15
17 16
18 16
18 17
17 17
17 18
18 18
19 18
19 17
19 16
20 16
20 15
20 14
20 13
21 13
21 14
22 14
23 14
23 13
24 13
25 13
26 13
27 13
27 12
27 11
26 11
25 11
25 12
24 12
24 11
23 11
23 12
22 12
21 12
20 12
19 12
19 11
20 11
20 10
21 10
21 9
20 9
20 8
20 7
20 6
20 5
21 5
21 4
22 4
22 5
23 5
23 4
24 4
24 5
24 6
25 6
25 7
24 7
23 7
23 6
22 6
21 6
21 7
21 8
22 8
23 8
23 9
22 9
22 10
23 10
24 10
25 10
26 10
27 10
28 10
28 11
29 11
29 10
30 10
30 9
30 8
30 7
31 7
31 6
30 6
30 5
29 5
29 4
29 3
29 2
28 2
27 2
27 3
27 4
26 4
25 4
25 3
25 2
25 1
24 1
24 2
24 3
23 3
23 2
22 2
22 1
22 0
23 0
24 0
25 0
26 0
27 0
28 0
29 0
30 0
30 1
31 1
32 1
32 0
33 0
34 0
35 0
36 0
36 1
37 1
37 0
38 0
39 0
40 0
40 1
40 2
41 2
42 2
42 1
43 1
43 0
44 0
44 1
44 2
45 2
45 3
46 3
46 2
47 2
47 1
47 0
48 0
48 1
48 2
49 2
50 2
50 3
49 3
48 3
48 4
47 4
47 5
46 5
45 5
45 4
44 4
44 5
43 5
42 5
41 5
41 6
41 7
41 8
42 8
43 8
43 7
44 7
45 7
45 6
46 6
47 6
47 7
48 7
48 6
48 5
49 5
50 5
50 6
50 7
50 8
51 8
51 9
50 9
49 9
49 8
48 8
47 8
46 8
45 8
44 8
44 9
45 9
46 9
46 10
47 10
47 11
46 11
46 12
47 12
48 12
48 11
49 11
49 10
50 10
50 11
50 12
51 12
52 12
53 12
53 11
53 10
54 10
54 11
54 12
55 12
55 11
55 10
56 10
57 10
58 10
59 10
60 10
60 11
60 12
59 12
59 13
60 13
61 13
62 13
63 13
64 13
65 13
66 13
66 12
67 12
68 12
68 11
69 11
69 10
70 10
70 9
69 9
68 9
67 9
67 8
66 8
66 7
67 7
68 7
68 8
69 8
69 7
70 7
70 8
71 8
71 9
72 9
72 10
73 10
74 10
75 10
75 9
74 9
74 8
73 8
73 7
72 7
71 7
71 6
70 6
69 6
69 5
69 4
68 4
68 3
67 3
67 2
66 2
65 2
65 1
65 0
66 0
67 0
67 1
68 1
68 0
69 0
70 0
71 0
71 1
70 1
69 1
69 2
70 2
71 2
71 3
70 3
70 4
70 5
71 5
71 4
72 4
73 4
73 3
72 3
72 2
73 2
73 1
72 1
72 0
73 0
74 0
75 0
76 0
77 0
78 0
78 1
79 1
80 1
81 1
82 1
83 1
83 0
84 0
85 0
86 0
86 1
85 1
85 2
84 2
84 3
85 3
86 3
87 3
88 3
88 2
89 2
89 1
88 1
88 0
89 0
90 0
91 0
92 0
93 0
93 1
94 1
95 1
96 1
96 0
97 0
98 0
98 1
97 1
97 2
98 2
98 3
97 3
97 4
96 4
96 3
96 2
95 2
95 3
94 3
94 2
93 2
92 2
91 2
90 2
90 3
90 4
89 4
89 5
90 5
91 5
92 5
92 6
91 6
91 7
90 7
89 7
88 7
87 7
87 6
87 5
87 4
86 4
85 4
84 4
83 4
83 5
82 5
82 6
82 7
83 7
83 8
82 8
82 9
81 9
81 8
80 8
80 7
81 7
81 6
81 5
81 4
82 4
82 3
82 2
81 2
81 3
80 3
80 2
79 2
79 3
78 3
77 3
77 2
77 1
76 1
76 2
75 2
74 2
74 3
74 4
75 4
75 5
76 5
76 6
77 6
78 6
78 7
79 7
79 8
79 9
80 9
80 10
79 10
79 11
80 11
81 11
81 10
82 10
82 11
82 12
81 12
81 13
81 14
82 14
82 15
82 16
82 17
83 17
83 18
82 18
81 18
80 18
80 19
81 19
82 19
82 20
83 20
83 21
83 22
84 22
84 21
85 21
86 21
86 22
86 23
86 24
85 24
85 25
86 25
87 25
87 24
87 23
87 22
87 21
87 20
88 20
89 20
89 21
90 21
90 20
90 19
89 19
88 19
87 19
86 19
86 18
86 17
85 17
84 17
84 16
85 16
85 15
84 15
84 14
83 14
83 13
83 12
83 11
84 11
84 12
85 12
86 12
86 13
87 13
87 12
87 11
86 11
85 11
85 10
84 10
83 10
83 9
84 9
85 9
86 9
86 10
87 10
88 10
88 11
88 12
88 13
88 14
89 14
89 15
90 15
91 15
91 14
90 14
90 13
89 13
89 12
90 12
91 12
92 12
92 13
93 13
93 12
93 11
92 11
92 10
92 9
93 9
93 8
92 8
92 7
93 7
93 6
94 6
94 7
94 8
95 8
96 8
96 7
97 7
98 7
98 8
98 9
99 9
99 8
99 7
99 6
99 5
98 5
98 4
99 4
