0 0
1 0
2 0
2 1
3 1
4 1
5 1
6 1
7 1
7 0
8 0
8 1
9 1
9 0
10 0
10 1
10 2
9 2
9 3
8 3
8 2
7 2
6 2
5 2
5 3
6 3
6 4
5 4
5 5
5 6
6 6
7 6
7 7
7 8
7 9
7 10
6 10
5 10
5 9
6 9
6 8
6 7
5 7
4 7
4 8
4 9
4 10
3 10
2 10
2 11
1 11
0 11
0 12
0 13
0 14
1 14
1 13
1 12
2 12
2 13
3 13
4 13
4 14
5 14
5 13
6 13
7 13
7 14
7 15
7 16
6 16
6 15
5 15
4 15
4 16
5 16
5 17
6 17
7 17
8 17
8 16
9 16
10 16
10 15
11 15
12 15
12 14
11 14
11 13
12 13
13 13
13 14
13 15
14 15
15 15
15 16
14 16
14 17
13 17
12 17
12 16
11 16
11 17
11 18
12 18
12 19
11 19
10 19
9 19
8 19
8 20
7 20
6 20
6 19
6 18
5 18
5 19
4 19
4 20
5 20
5 21
6 21
7 21
8 21
9 21
10 21
11 21
11 20
12 20
13 20
13 19
13 18
14 18
15 18
16 18
17 18
17 19
16 19
15 19
15 20
16 20
16 21
17 21
17 20
18 20
18 21
19 21
20 21
21 21
21 20
22 20
22 19
23 19
23 20
23 21
24 21
24 20
24 19
25 19
25 20
25 21
26 21
26 20
27 20
28 20
29 20
29 21
30 21
31 21
31 20
30 20
30 19
29 19
29 18
29 17
30 17
30 16
31 16
31 15
30 15
29 15
28 15
28 16
27 16
26 16
25 16
25 15
26 15
27 15
27 14
27 13
28 13
28 12
28 11
27 11
27 12
26 12
26 11
25 11
24 11
24 12
24 13
24 14
23 14
23 13
22 13
22 12
21 12
20 12
19 12
18 12
18 13
17 13
17 14
18 14
18 15
18 16
19 16
19 15
19 14
20 14
21 14
22 14
22 15
23 15
24 15
24 16
23 16
23 17
23 18
22 18
22 17
21 17
21 18
21 19
20 19
20 18
19 18
18 18
18 17
17 17
17 16
17 15
16 15
16 14
16 13
15 13
15 12
16 12
17 12
17 11
18 11
18 10
19 10
19 9
20 9
21 9
21 8
20 8
19 8
18 8
18 9
17 9
17 10
16 10
16 9
15 9
14 9
14 8
15 8
15 7
16 7
17 7
18 7
19 7
20 7
20 6
20 5
21 5
21 4
