0 0
0 1
1 1
2 1
2 2
1 2
0 2
0 3
0 4
0 5
1 5
1 6
0 6
0 7
0 8
0 9
0 10
1 10
2 10
3 10
3 9
3 8
2 8
2 7
3 7
3 6
2 6
2 5
2 4
3 4
3 5
4 5
5 5
5 4
6 4
6 3
5 3
4 3
4 2
3 2
3 1
3 0
4 0
4 1
5 1
6 1
6 0
7 0
8 0
8 1
9 1
9 2
9 3
9 4
10 4
10 5
9 5
8 5
8 6
7 6
7 5
6 5
6 6
5 6
4 6
4 7
5 7
6 7
7 7
7 8
6 8
6 9
7 9
8 9
8 10
8 11
8 12
9 12
9 11
9 10
9 9
9 8
8 8
8 7
9 7
9 6
10 6
11 6
11 5
12 5
13 5
13 6
12 6
12 7
12 8
12 9
12 10
13 10
13 9
13 8
14 8
15 8
15 7
15 6
15 5
15 4
16 4
16 5
16 6
16 7
17 7
17 8
17 9
18 9
18 8
19 8
19 9
20 9
20 8
21 8
21 9
21 10
22 10
23 10
24 10
25 10
25 11
26 11
27 11
27 12
27 13
27 14
28 14
29 14
29 15
30 15
30 16
31 16
31 17
32 17
33 17
33 18
33 19
34 19
34 20
34 21
35 21
35 20
36 20
36 21
36 22
36 23
35 23
35 22
34 22
33 22
33 23
32 23
32 22
31 22
31 23
30 23
29 23
29 24
30 24
30 25
30 26
31 26
31 25
32 25
32 26
33 26
33 27
33 28
33 29
32 29
31 29
30 29
30 28
31 28
31 27
30 27
29 27
28 27
28 28
27 28
26 28
26 29
27 29
27 30
28 30
28 29
29 29
29 30
29 31
28 31
27 31
26 31
25 31
25 32
24 32
24 31
23 31
23 32
23 33
24 33
24 34
25 34
25 33
26 33
26 34
27 34
28 34
28 33
28 32
29 32
30 32
30 33
30 34
31 34
31 33
32 33
32 34
33 34
34 34
35 34
35 33
35 32
34 32
34 31
35 31
35 30
35 29
36 29
36 30
37 30
38 30
39 30
39 31
38 31
37 31
36 31
36 32
36 33
37 33
37 34
38 34
38 33
39 33
40 33
41 33
42 33
42 34
43 34
44 34
45 34
45 33
44 33
44 32
44 31
45 31
46 31
46 30
45 30
44 30
43 30
43 31
42 31
42 32
41 32
40 32
40 31
40 30
41 30
41 29
40 29
39 29
38 29
37 29
37 28
36 28
36 27
37 27
38 27
39 27
40 27
40 26
39 26
38 26
37 26
37 25
37 24
38 24
39 24
39 23
38 23
37 23
37 22
37 21
37 20
37 19
37 18
37 17
38 17
38 18
38 19
38 20
39 20
40 20
41 20
41 19
42 19
42 20
43 20
43 19
44 19
45 19
46 19
47 19
47 20
46 20
45 20
44 20
44 21
44 22
43 22
43 21
42 21
41 21
41 22
42 22
42 23
42 24
43 24
43 25
42 25
41 25
41 26
41 27
41 28
42 28
43 28
43 29
44 29
44 28
45 28
45 29
46 29
47 29
47 28
46 28
46 27
46 26
46 25
46 24
46 23
45 23
45 22
45 21
46 21
47 21
48 21
48 20
48 19
49 19
49 18
50 18
51 18
51 17
51 16
52 16
53 16
53 17
53 18
53 19
52 19
51 19
51 20
52 20
53 20
54 20
54 21
53 21
53 22
53 23
52 23
52 22
51 22
51 23
50 23
50 24
49 24
49 25
50 25
51 25
51 24
52 24
53 24
54 24
54 23
55 23
55 24
56 24
56 25
57 25
57 26
57 27
57 28
56 28
56 29
55 29
55 28
54 28
54 29
53 29
53 28
53 27
52 27
51 27
50 27
49 27
49 26
48 26
48 27
48 28
48 29
48 30
47 30
47 31
48 31
49 31
49 30
50 30
51 30
52 30
53 30
54 30
55 30
55 31
56 31
57 31
57 32
56 32
55 32
55 33
55 34
56 34
56 33
57 33
58 33
58 32
58 31
59 31
59 30
58 30
57 30
57 29
58 29
58 28
59 28
59 29
60 29
61 29
62 29
62 28
62 27
61 27
61 26
61 25
61 24
62 24
62 23
62 22
61 22
61 23
60 23
60 24
59 24
59 25
59 26
58 26
58 25
58 24
57 24
57 23
57 22
56 22
55 22
55 21
55 20
55 19
56 19
56 20
57 20
57 21
58 21
59 21
59 22
60 22
60 21
61 21
62 21
63 21
64 21
65 21
65 22
66 22
67 22
67 23
67 24
66 24
65 24
64 24
64 25
64 26
65 26
66 26
66 27
67 27
68 27
69 27
69 26
70 26
71 26
72 26
72 25
72 24
71 24
71 23
70 23
70 22
69 22
69 21
68 21
67 21
66 21
66 20
66 19
66 18
65 18
65 17
64 17
64 18
63 18
63 17
63 16
62 16
62 15
62 14
62 13
61 13
60 13
60 14
60 15
59 15
59 14
58 14
58 13
59 13
59 12
59 11
59 10
58 10
58 11
57 11
56 11
56 12
55 12
54 12
53 12
52 12
52 11
52 10
51 10
51 11
51 12
50 12
49 12
49 11
50 11
50 10
49 10
48 10
48 9
49 9
49 8
49 7
50 7
50 8
51 8
52 8
52 7
53 7
53 6
53 5
54 5
54 6
55 6
55 7
55 8
54 8
54 9
55 9
55 10
56 10
57 10
57 9
57 8
58 8
59 8
59 7
58 7
58 6
59 6
59 5
58 5
58 4
58 3
59 3
59 2
59 1
58 1
58 2
57 2
57 3
57 4
57 5
57 6
57 7
56 7
56 6
56 5
56 4
55 4
55 3
54 3
54 4
53 4
53 3
53 2
53 1
53 0
54 0
54 1
54 2
55 2
55 1
55 0
56 0
56 1
57 1
57 0
58 0
59 0
60 0
61 0
61 1
61 2
61 3
62 3
62 4
63 4
63 5
63 6
64 6
65 6
65 7
65 8
66 8
67 8
67 7
67 6
67 5
66 5
66 4
65 4
65 5
64 5
64 4
64 3
65 3
66 3
67 3
68 3
69 3
69 4
68 4
68 5
69 5
69 6
70 6
70 7
71 7
71 6
71 5
71 4
72 4
72 3
72 2
72 1
71 1
71 2
71 3
70 3
70 2
70 1
69 1
69 0
70 0
71 0
72 0
73 0
73 1
73 2
74 2
74 3
74 4
75 4
75 5
76 5
76 4
77 4
77 5
78 5
79 5
79 4
80 4
80 5
81 5
82 5
82 6
83 6
83 7
83 8
83 9
82 9
82 10
82 11
82 12
81 12
81 11
80 11
80 12
79 12
78 12
78 13
78 14
79 14
79 15
79 16
79 17
78 17
77 17
77 16
76 16
76 15
77 15
77 14
77 13
77 12
76 12
76 13
75 13
75 14
74 14
73 14
72 14
71 14
71 15
71 16
71 17
71 18
71 19
71 20
71 21
72 21
72 22
72 23
73 23
73 24
74 24
74 23
75 23
76 23
76 24
76 25
76 26
75 26
74 26
73 26
73 27
72 27
71 27
71 28
70 28
69 28
69 29
69 30
70 30
71 30
71 29
72 29
72 30
72 31
73 31
73 32
72 32
71 32
70 32
70 33
70 34
71 34
71 33
72 33
72 34
73 34
73 33
74 33
74 32
74 31
74 30
74 29
73 29
73 28
74 28
74 27
75 27
76 27
76 28
76 29
76 30
77 30
77 31
77 32
76 32
75 32
75 33
75 34
76 34
77 34
77 33
78 33
78 32
79 32
80 32
80 31
81 31
82 31
82 30
83 30
83 31
84 31
84 32
85 32
86 32
86 31
87 31
88 31
88 30
88 29
89 29
89 30
89 31
90 31
90 32
91 32
91 31
92 31
93 31
93 32
94 32
95 32
95 33
94 33
93 33
93 34
94 34
95 34
96 34
96 33
96 32
97 32
98 32
98 31
99 31
100 31
100 30
100 29
99 29
99 28
99 27
99 26
99 25
99 24
100 24
100 25
100 26
100 27
100 28
101 28
102 28
102 27
103 27
103 26
102 26
101 26
101 25
101 24
102 24
103 24
103 25
104 25
104 24
105 24
105 25
106 25
106 26
105 26
105 27
106 27
106 28
107 28
107 29
108 29
109 29
109 28
108 28
108 27
109 27
110 27
110 28
110 29
110 30
111 30
111 29
111 28
112 28
112 27
112 26
112 25
112 24
112 23
112 22
113 22
114 22
115 22
115 23
115 24
114 24
113 24
113 25
113 26
113 27
114 27
114 26
114 25
115 25
115 26
116 26
116 27
115 27
115 28
115 29
116 29
116 28
117 28
117 29
117 30
118 30
118 29
118 28
118 27
117 27
117 26
118 26
118 25
117 25
117 24
117 23
116 23
116 22
116 21
117 21
117 22
118 22
118 23
118 24
119 24
120 24
120 23
120 22
120 21
120 20
120 19
120 18
119 18
119 17
120 17
120 16
119 16
118 16
118 15
118 14
118 13
119 13
119 12
119 11
120 11
121 11
121 10
122 10
122 9
121 9
120 9
120 10
119 10
119 9
119 8
118 8
117 8
116 8
116 9
116 10
116 11
115 11
114 11
114 12
114 13
115 13
115 14
114 14
114 15
115 15
115 16
116 16
116 17
117 17
118 17
118 18
117 18
117 19
118 19
119 19
119 20
118 20
117 20
116 20
115 20
115 21
114 21
114 20
113 20
112 20
111 20
111 19
111 18
111 17
112 17
113 17
113 16
112 16
111 16
111 15
112 15
113 15
113 14
113 13
113 12
113 11
113 10
113 9
112 9
111 9
111 10
110 10
110 9
110 8
110 7
111 7
111 6
111 5
111 4
112 4
113 4
113 3
112 3
111 3
110 3
110 2
111 2
111 1
111 0
112 0
113 0
114 0
114 1
115 1
116 1
117 1
117 0
118 0
119 0
119 1
120 1
120 0
121 0
121 1
121 2
122 2
122 3
121 3
121 4
120 4
120 3
119 3
119 2
118 2
117 2
116 2
116 3
115 3
114 3
114 4
115 4
116 4
117 4
117 3
118 3
118 4
119 4
119 5
120 5
121 5
121 6
121 7
122 7
122 8
123 8
123 7
123 6
123 5
124 5
124 6
125 6
125 7
126 7
126 8
125 8
125 9
124 9
123 9
123 10
123 11
123 12
122 12
121 12
121 13
122 13
123 13
124 13
124 14
123 14
122 14
122 15
123 15
123 16
123 17
123 18
122 18
122 19
121 19
121 20
122 20
123 20
123 21
122 21
122 22
122 23
123 23
123 24
123 25
124 25
125 25
125 26
126 26
126 25
126 24
125 24
124 24
124 23
125 23
125 22
125 21
126 21
126 20
126 19
127 19
127 18
126 18
125 18
124 18
124 17
124 16
125 16
126 16
126 17
127 17
127 16
127 15
128 15
128 16
128 17
129 17
129 18
130 18
130 17
131 17
131 18
132 18
133 18
133 19
133 20
133 21
133 22
132 22
131 22
131 21
130 21
129 21
128 21
128 22
129 22
129 23
128 23
127 23
127 24
128 24
128 25
129 25
129 26
129 27
130 27
130 26
131 26
132 26
132 25
131 25
130 25
130 24
130 23
131 23
131 24
132 24
132 23
133 23
133 24
134 24
134 23
135 23
135 22
134 22
134 21
135 21
136 21
137 21
138 21
138 22
137 22
137 23
138 23
139 23
139 24
140 24
141 24
142 24
143 24
143 23
143 22
142 22
141 22
141 23
140 23
140 22
139 22
139 21
139 20
138 20
137 20
137 19
136 19
135 19
135 18
134 18
134 17
134 16
134 15
133 15
133 14
132 14
132 15
132 16
131 16
131 15
131 14
130 14
130 15
130 16
129 16
129 15
129 14
129 13
128 13
128 14
127 14
127 13
126 13
125 13
125 12
125 11
125 10
126 10
127 10
127 9
128 9
128 8
128 7
127 7
127 6
127 5
127 4
127 3
127 2
128 2
128 3
129 3
129 4
130 4
130 3
131 3
132 3
132 2
131 2
131 1
132 1
132 0
133 0
133 1
134 1
135 1
135 2
134 2
134 3
134 4
135 4
135 3
136 3
137 3
137 4
138 4
138 3
139 3
140 3
141 3
141 4
142 4
143 4
143 3
144 3
144 2
143 2
143 1
142 1
142 2
141 2
140 2
140 1
140 0
141 0
142 0
143 0
144 0
145 0
146 0
147 0
147 1
147 2
146 2
146 1
145 1
145 2
145 3
145 4
144 4
144 5
143 5
143 6
142 6
142 7
143 7
144 7
144 8
143 8
143 9
142 9
142 8
141 8
141 9
140 9
139 9
139 8
140 8
140 7
141 7
141 6
141 5
140 5
140 6
139 6
139 5
138 5
137 5
136 5
135 5
135 6
136 6
136 7
135 7
134 7
133 7
133 8
133 9
132 9
132 8
132 7
132 6
131 6
131 5
130 5
129 5
128 5
128 6
129 6
129 7
129 8
129 9
130 9
130 10
129 10
128 10
128 11
127 11
127 12
128 12
129 12
130 12
130 13
131 13
132 13
133 13
134 13
134 12
135 12
136 12
137 12
137 11
136 11
136 10
136 9
137 9
138 9
138 10
139 10
139 11
139 12
140 12
140 13
140 14
140 15
140 16
139 16
139 17
140 17
141 17
142 17
142 18
141 18
140 18
139 18
138 18
138 19
139 19
140 19
140 20
140 21
141 21
142 21
142 20
142 19
143 19
143 18
143 17
144 17
144 16
144 15
145 15
145 14
145 13
146 13
146 14
146 15
146 16
146 17
145 17
145 18
144 18
144 19
145 19
146 19
146 18
147 18
147 19
148 19
148 18
148 17
148 16
149 16
149 15
150 15
150 14
151 14
151 13
152 13
152 12
151 12
151 11
150 11
149 11
149 12
149 13
149 14
148 14
148 13
148 12
148 11
147 11
147 12
146 12
145 12
145 11
144 11
143 11
143 12
143 13
142 13
142 14
141 14
141 13
141 12
141 11
142 11
142 10
143 10
144 10
145 10
145 9
146 9
146 8
147 8
148 8
148 7
149 7
150 7
150 6
150 5
149 5
149 6
148 6
147 6
146 6
146 7
145 7
145 6
145 5
146 5
146 4
147 4
147 5
148 5
148 4
148 3
148 2
149 2
150 2
150 3
149 3
149 4
150 4
151 4
151 3
151 2
152 2
152 1
153 1
153 0
154 0
154 1
155 1
155 2
155 3
155 4
155 5
156 5
156 6
157 6
157 7
156 7
156 8
156 9
157 9
157 10
158 10
159 10
160 10
160 9
159 9
158 9
158 8
158 7
159 7
159 6
158 6
158 5
159 5
160 5
160 4
159 4
158 4
157 4
156 4
156 3
157 3
157 2
157 1
158 1
158 2
158 3
159 3
159 2
160 2
160 1
159 1
159 0
160 0
161 0
161 1
162 1
162 2
162 3
163 3
164 3
164 2
165 2
165 3
165 4
165 5
165 6
165 7
164 7
163 7
163 8
164 8
165 8
165 9
166 9
167 9
167 8
166 8
166 7
166 6
166 5
167 5
167 4
168 4
169 4
169 5
168 5
168 6
167 6
167 7
168 7
169 7
170 7
170 6
170 5
171 5
171 6
171 7
172 7
173 7
173 8
172 8
171 8
171 9
170 9
170 10
171 10
171 11
171 12
170 12
169 12
168 12
168 13
167 13
166 13
166 14
167 14
168 14
169 14
170 14
170 13
171 13
172 13
173 13
174 13
174 12
175 12
175 13
176 13
177 13
177 14
178 14
178 15
177 15
177 16
178 16
179 16
179 17
178 17
178 18
178 19
178 20
178 21
178 22
178 23
177 23
176 23
176 22
177 22
177 21
176 21
176 20
175 20
175 21
174 21
173 21
173 20
172 20
172 19
172 18
172 17
171 17
171 16
172 16
173 16
173 17
174 17
174 18
173 18
173 19
174 19
175 19
175 18
176 18
176 17
176 16
175 16
175 15
174 15
173 15
173 14
172 14
172 15
171 15
170 15
169 15
169 16
170 16
170 17
170 18
170 19
171 19
171 20
170 20
169 20
168 20
168 19
168 18
168 17
167 17
166 17
166 16
166 15
165 15
164 15
164 16
163 16
162 16
162 15
162 14
162 13
161 13
160 13
159 13
159 12
159 11
158 11
158 12
158 13
158 14
158 15
159 15
160 15
160 14
161 14
161 15
161 16
160 16
159 16
159 17
158 17
158 18
159 18
160 18
160 19
159 19
158 19
158 20
158 21
157 21
157 22
156 22
156 23
156 24
157 24
158 24
158 25
159 25
160 25
160 24
159 24
159 23
159 22
159 21
159 20
160 20
161 20
162 20
163 20
164 20
165 20
165 21
164 21
164 22
165 22
166 22
166 21
167 21
167 22
167 23
167 24
166 24
165 24
164 24
164 23
163 23
163 22
162 22
162 21
161 21
160 21
160 22
160 23
161 23
161 24
161 25
162 25
162 24
163 24
163 25
163 26
163 27
164 27
164 28
164 29
164 30
164 31
163 31
162 31
162 30
161 30
161 31
161 32
160 32
159 32
158 32
157 32
157 31
157 30
157 29
156 29
155 29
155 28
154 28
154 27
153 27
153 28
152 28
152 27
151 27
151 26
152 26
153 26
153 25
152 25
151 25
151 24
151 23
152 23
152 24
153 24
153 23
154 23
154 24
155 24
155 23
155 22
154 22
154 21
153 21
153 20
152 20
152 21
151 21
151 22
150 22
150 23
150 24
149 24
149 23
148 23
147 23
147 22
146 22
146 23
146 24
146 25
146 26
145 26
145 25
145 24
145 23
145 22
145 21
146 21
147 21
148 21
148 20
147 20
146 20
145 20
144 20
143 20
143 21
144 21
144 22
144 23
144 24
144 25
143 25
143 26
143 27
143 28
143 29
144 29
144 28
144 27
145 27
145 28
145 29
145 30
146 30
146 29
146 28
146 27
147 27
147 28
147 29
147 30
148 30
148 31
149 31
150 31
150 30
150 29
150 28
151 28
151 29
152 29
152 30
153 30
153 29
154 29
154 30
154 31
155 31
155 30
156 30
156 31
156 32
156 33
157 33
157 34
158 34
158 33
159 33
160 33
160 34
161 34
162 34
163 34
164 34
164 33
164 32
165 32
166 32
166 33
165 33
165 34
166 34
167 34
167 33
168 33
168 34
169 34
169 33
170 33
170 32
170 31
170 30
170 29
169 29
168 29
168 30
169 30
169 31
169 32
168 32
168 31
167 31
167 30
166 30
166 31
165 31
165 30
165 29
165 28
166 28
167 28
167 27
167 26
166 26
165 26
164 26
164 25
165 25
166 25
167 25
168 25
168 26
168 27
168 28
169 28
169 27
170 27
170 28
171 28
172 28
172 27
171 27
171 26
172 26
173 26
173 27
173 28
173 29
172 29
171 29
171 30
172 30
173 30
174 30
174 29
175 29
176 29
176 30
175 30
175 31
175 32
176 32
177 32
177 31
177 30
177 29
177 28
176 28
176 27
177 27
177 26
177 25
177 24
178 24
178 25
179 25
179 26
178 26
178 27
179 27
179 28
178 28
178 29
178 30
178 31
179 31
180 31
180 30
181 30
181 31
182 31
182 32
181 32
180 32
180 33
180 34
181 34
182 34
183 34
183 33
183 32
183 31
183 30
183 29
183 28
183 27
183 26
182 26
181 26
181 27
180 27
180 26
180 25
180 24
179 24
179 23
180 23
181 23
182 23
182 22
181 22
181 21
180 21
179 21
179 20
180 20
180 19
181 19
181 20
182 20
182 21
183 21
183 20
183 19
183 18
183 17
182 17
182 16
181 16
180 16
180 15
181 15
182 15
182 14
182 13
181 13
181 12
182 12
182 11
181 11
180 11
180 12
180 13
179 13
179 12
178 12
177 12
176 12
176 11
176 10
177 10
177 9
178 9
179 9
179 10
180 10
181 10
182 10
183 10
183 11
183 12
183 13
183 14
183 15
183 16
184 16
184 17
185 17
186 17
187 17
188 17
188 18
188 19
187 19
187 18
186 18
185 18
184 18
184 19
184 20
185 20
185 21
184 21
184 22
185 22
186 22
186 21
186 20
187 20
187 21
188 21
188 20
189 20
190 20
190 21
190 22
190 23
189 23
189 24
188 24
188 25
189 25
190 25
191 25
191 26
191 27
192 27
192 28
193 28
193 29
192 29
191 29
191 28
190 28
190 27
190 26
189 26
189 27
188 27
188 28
187 28
186 28
186 27
185 27
184 27
184 28
185 28
185 29
184 29
184 30
185 30
185 31
185 32
184 32
184 33
184 34
185 34
186 34
186 33
187 33
188 33
188 32
189 32
190 32
190 33
190 34
191 34
192 34
192 33
192 32
191 32
191 31
190 31
189 31
188 31
187 31
187 30
187 29
188 29
188 30
189 30
189 29
190 29
190 30
191 30
192 30
192 31
193 31
193 32
194 32
194 33
195 33
196 33
197 33
197 34
198 34
198 33
199 33
199 32
200 32
201 32
201 31
202 31
203 31
203 32
203 33
203 34
204 34
204 33
204 32
204 31
205 31
205 30
204 30
204 29
205 29
206 29
207 29
207 28
207 27
208 27
209 27
210 27
210 26
211 26
211 27
212 27
212 26
213 26
213 27
214 27
214 26
214 25
214 24
214 23
213 23
213 22
212 22
212 23
212 24
211 24
211 25
210 25
210 24
210 23
210 22
210 21
209 21
209 22
209 23
208 23
208 22
208 21
208 20
209 20
210 20
211 20
211 21
212 21
212 20
213 20
213 19
212 19
211 19
211 18
212 18
213 18
214 18
215 18
215 19
214 19
214 20
214 21
215 21
215 20
216 20
216 19
217 19
217 18
216 18
216 17
216 16
216 15
217 15
218 15
218 14
217 14
217 13
218 13
218 12
218 11
218 10
217 10
217 9
216 9
216 8
216 7
216 6
216 5
216 4
217 4
217 5
218 5
219 5
220 5
220 6
220 7
220 8
220 9
220 10
220 11
221 11
222 11
222 10
223 10
223 9
224 9
225 9
225 10
226 10
226 9
226 8
227 8
227 9
227 10
227 11
228 11
228 12
228 13
227 13
227 14
226 14
226 15
227 15
228 15
228 16
229 16
230 16
231 16
232 16
232 17
232 18
231 18
231 19
230 19
230 18
230 17
229 17
229 18
229 19
229 20
229 21
229 22
230 22
230 23
229 23
228 23
228 24
228 25
227 25
226 25
226 26
225 26
225 27
226 27
227 27
227 28
227 29
226 29
225 29
225 28
224 28
223 28
223 27
224 27
224 26
223 26
222 26
221 26
220 26
219 26
219 25
220 25
220 24
220 23
221 23
222 23
222 24
222 25
223 25
223 24
223 23
223 22
222 22
221 22
221 21
221 20
221 19
222 19
223 19
223 20
222 20
222 21
223 21
224 21
224 22
224 23
224 24
225 24
225 23
226 23
226 24
227 24
227 23
227 22
226 22
225 22
225 21
226 21
226 20
227 20
227 21
228 21
228 20
228 19
227 19
227 18
226 18
226 17
226 16
225 16
225 17
224 17
223 17
223 16
222 16
221 16
220 16
219 16
218 16
218 17
219 17
219 18
218 18
218 19
219 19
220 19
220 20
220 21
219 21
219 22
219 23
219 24
218 24
218 23
217 23
217 22
218 22
218 21
218 20
217 20
217 21
216 21
216 22
216 23
216 24
216 25
216 26
215 26
215 27
216 27
216 28
216 29
216 30
215 30
215 31
214 31
214 32
213 32
213 33
212 33
211 33
211 34
212 34
213 34
214 34
214 33
215 33
216 33
216 32
216 31
217 31
217 32
217 33
217 34
218 34
219 34
220 34
221 34
221 33
220 33
220 32
220 31
221 31
221 32
222 32
222 33
222 34
223 34
224 34
224 33
223 33
223 32
224 32
224 31
223 31
222 31
222 30
221 30
221 29
220 29
220 28
219 28
218 28
218 29
218 30
217 30
217 29
217 28
217 27
217 26
218 26
218 27
219 27
220 27
221 27
221 28
222 28
222 29
223 29
224 29
224 30
225 30
225 31
226 31
226 30
227 30
228 30
228 29
229 29
229 28
229 27
230 27
230 26
230 25
231 25
231 24
231 23
231 22
232 22
232 21
231 21
230 21
230 20
231 20
232 20
233 20
233 21
233 22
233 23
234 23
235 23
236 23
236 24
236 25
237 25
238 25
239 25
240 25
241 25
241 26
241 27
241 28
241 29
240 29
240 28
239 28
239 27
238 27
238 26
237 26
236 26
235 26
235 25
234 25
234 26
234 27
234 28
234 29
233 29
233 30
234 30
234 31
234 32
234 33
235 33
235 32
235 31
235 30
236 30
236 31
237 31
238 31
239 31
239 32
238 32
237 32
237 33
238 33
238 34
239 34
240 34
240 33
240 32
241 32
241 31
242 31
243 31
243 32
242 32
242 33
243 33
244 33
245 33
246 33
246 32
245 32
244 32
244 31
245 31
245 30
244 30
244 29
245 29
245 28
245 27
246 27
246 28
247 28
247 29
247 30
247 31
247 32
247 33
247 34
248 34
249 34
249 33
249 32
249 31
249 30
249 29
249 28
249 27
248 27
247 27
247 26
246 26
245 26
244 26
243 26
243 27
243 28
242 28
242 27
242 26
242 25
242 24
242 23
242 22
241 22
241 23
241 24
240 24
239 24
239 23
238 23
237 23
237 22
237 21
237 20
238 20
238 21
239 21
239 22
240 22
240 21
240 20
239 20
239 19
238 19
238 18
239 18
239 17
239 16
238 16
238 15
239 15
239 14
238 14
238 13
239 13
240 13
241 13
241 12
242 12
242 13
242 14
243 14
244 14
245 14
245 13
244 13
244 12
244 11
243 11
243 10
244 10
244 9
243 9
243 8
243 7
242 7
241 7
241 6
242 6
242 5
242 4
243 4
243 5
243 6
244 6
244 5
245 5
246 5
246 6
245 6
245 7
244 7
244 8
245 8
246 8
246 9
245 9
245 10
246 10
247 10
248 10
248 9
248 8
249 8
249 7
249 6
248 6
248 7
247 7
247 6
247 5
248 5
248 4
249 4
