0 0
1 0
2 0
3 0
4 0
4 1
3 1
2 1
1 1
0 1
0 2
0 3
0 4
0 5
1 5
1 6
0 6
0 7
1 7
2 7
2 6
3 6
3 5
2 5
2 4
1 4
1 3
2 3
3 3
4 3
4 4
4 5
4 6
5 6
5 7
6 7
6 6
7 6
8 6
8 5
9 5
9 6
10 6
10 7
10 8
9 8
8 8
7 8
6 8
5 8
5 9
4 9
4 10
3 10
2 10
2 9
1 9
0 9
0 10
1 10
1 11
1 12
0 12
0 13
0 14
1 14
2 14
2 15
1 15
1 16
2 16
3 16
4 16
5 16
5 17
4 17
3 17
3 18
3 19
2 19
2 18
1 18
1 17
0 17
0 18
0 19
0 20
0 21
0 22
0 23
1 23
1 24
2 24
2 23
3 23
3 22
3 21
2 21
1 21
1 20
2 20
3 20
4 20
4 21
5 21
5 20
6 20
6 19
7 19
7 18
7 17
6 17
6 16
7 16
7 15
7 14
6 14
5 14
5 13
5 12
4 12
4 11
5 11
6 11
7 11
7 10
8 10
9 10
9 11
8 11
8 12
8 13
9 13
9 14
8 14
8 15
9 15
9 16
10 16
11 16
12 16
13 16
13 15
12 15
11 15
11 14
11 13
11 12
11 11
11 10
10 10
10 9
11 9
11 8
11 7
11 6
12 6
12 7
12 8
13 8
13 9
13 10
12 10
12 11
13 11
14 11
15 11
15 10
15 9
16 9
16 10
17 10
17 11
17 12
17 13
18 13
19 13
20 13
20 12
19 12
19 11
18 11
18 10
18 9
17 9
17 8
17 7
16 7
15 7
14 7
13 7
13 6
13 5
12 5
11 5
10 5
10 4
10 3
10 2
10 1
9 1
9 0
10 0
11 0
11 1
11 2
12 2
12 3
13 3
14 3
14 2
14 1
13 1
12 1
12 0
13 0
14 0
15 0
16 0
16 1
17 1
17 0
18 0
19 0
19 1
19 2
20 2
21 2
21 3
22 3
22 4
23 4
24 4
24 3
25 3
25 4
25 5
24 5
23 5
23 6
24 6
24 7
25 7
25 6
26 6
27 6
27 5
28 5
29 5
30 5
30 6
31 6
32 6
32 7
33 7
33 6
34 6
34 5
35 5
36 5
36 6
35 6
35 7
36 7
36 8
35 8
35 9
34 9
33 9
33 8
32 8
31 8
31 7
30 7
30 8
30 9
29 9
29 8
29 7
29 6
28 6
28 7
28 8
27 8
26 8
25 8
25 9
24 9
23 9
22 9
22 8
21 8
21 9
21 10
20 10
20 11
21 11
21 12
21 13
22 13
22 14
22 15
22 16
21 16
20 16
20 17
20 18
21 18
22 18
22 19
22 20
22 21
22 22
21 22
21 21
21 20
20 20
20 21
19 21
19 20
19 19
18 19
17 19
16 19
16 18
15 18
15 17
14 17
14 18
13 18
12 18
12 17
11 17
11 18
11 19
10 19
10 20
11 20
11 21
10 21
10 22
11 22
12 22
12 23
11 23
11 24
11 25
12 25
13 25
13 26
12 26
12 27
12 28
13 28
14 28
14 27
14 26
15 26
16 26
16 25
16 24
16 23
17 23
18 23
18 24
19 24
19 23
19 22
20 22
20 23
20 24
21 24
21 25
22 25
23 25
24 25
24 24
23 24
23 23
24 23
24 22
23 22
23 21
24 21
24 20
25 20
25 19
25 18
25 17
24 17
24 16
23 16
23 15
24 15
25 15
25 14
25 13
25 12
24 12
23 12
23 11
24 11
25 11
25 10
26 10
27 10
27 11
26 11
26 12
26 13
27 13
27 14
27 15
27 16
26 16
26 17
26 18
27 18
28 18
28 17
28 16
29 16
29 17
29 18
30 18
30 17
31 17
32 17
32 16
32 15
33 15
34 15
35 15
35 14
36 14
36 13
36 12
37 12
37 11
38 11
38 12
39 12
39 11
39 10
39 9
38 9
37 9
37 8
38 8
39 8
40 8
40 7
39 7
38 7
38 6
37 6
37 5
37 4
37 3
38 3
38 4
39 4
39 5
39 6
40 6
41 6
42 6
43 6
43 7
44 7
44 8
44 9
45 9
46 9
46 10
46 11
46 12
47 12
48 12
48 11
49 11
49 12
49 13
48 13
47 13
46 13
46 14
45 14
45 13
45 12
45 11
44 11
44 12
44 13
43 13
43 14
42 14
41 14
41 15
41 16
42 16
42 17
42 18
42 19
41 19
41 18
41 17
40 17
39 17
39 16
38 16
38 17
37 17
37 18
36 18
35 18
34 18
33 18
33 19
33 20
32 20
32 19
31 19
30 19
29 19
29 20
28 20
28 21
27 21
27 22
26 22
26 23
26 24
25 24
25 25
25 26
25 27
24 27
24 28
23 28
23 29
24 29
24 30
23 30
23 31
24 31
24 32
25 32
25 31
25 30
26 30
26 31
26 32
26 33
25 33
24 33
24 34
25 34
26 34
27 34
28 34
29 34
29 33
29 32
29 31
30 31
30 32
30 33
30 34
31 34
31 33
31 32
31 31
31 30
32 30
32 31
32 32
33 32
33 31
33 30
33 29
33 28
34 28
34 29
34 30
35 30
35 29
35 28
35 27
36 27
36 26
37 26
38 26
38 25
39 25
39 26
40 26
40 27
41 27
42 27
42 26
43 26
43 27
44 27
44 26
44 25
44 24
45 24
46 24
46 23
47 23
47 22
48 22
48 23
49 23
49 24
48 24
47 24
47 25
48 25
48 26
49 26
49 27
48 27
47 27
47 28
48 28
49 28
49 29
48 29
47 29
46 29
46 30
45 30
44 30
44 29
44 28
43 28
42 28
41 28
41 29
42 29
43 29
43 30
42 30
42 31
43 31
43 32
44 32
44 33
45 33
45 32
46 32
46 31
47 31
47 30
48 30
48 31
49 31
50 31
50 32
49 32
49 33
50 33
51 33
51 32
51 31
51 30
51 29
50 29
50 28
51 28
52 28
52 29
52 30
53 30
54 30
55 30
55 29
55 28
56 28
56 27
56 26
56 25
57 25
57 26
58 26
59 26
60 26
60 25
59 25
59 24
59 23
58 23
57 23
57 22
57 21
58 21
58 20
57 20
56 20
56 19
57 19
57 18
57 17
58 17
59 17
60 17
61 17
61 18
61 19
60 19
59 19
59 20
60 20
61 20
62 20
62 19
62 18
62 17
62 16
61 16
61 15
60 15
60 14
61 14
62 14
62 15
63 15
64 15
64 14
65 14
65 15
65 16
64 16
63 16
63 17
64 17
65 17
66 17
66 16
66 15
66 14
66 13
65 13
64 13
64 12
64 11
64 10
63 10
63 11
63 12
63 13
62 13
61 13
60 13
59 13
58 13
58 12
57 12
56 12
56 13
55 13
54 13
54 14
53 14
53 15
52 15
52 14
51 14
50 14
50 13
51 13
52 13
53 13
53 12
54 12
55 12
55 11
55 10
54 10
53 10
52 10
51 10
51 9
50 9
50 8
50 7
51 7
52 7
52 6
51 6
50 6
50 5
49 5
49 4
49 3
48 3
48 2
47 2
46 2
46 1
47 1
47 0
48 0
48 1
49 1
49 0
50 0
50 1
51 1
51 0
52 0
53 0
53 1
52 1
52 2
51 2
50 2
50 3
50 4
51 4
51 3
52 3
52 4
52 5
53 5
53 4
53 3
54 3
54 4
54 5
54 6
53 6
53 7
54 7
54 8
55 8
55 9
56 9
57 9
57 10
56 10
56 11
57 11
58 11
58 10
59 10
60 10
61 10
61 11
61 12
62 12
62 11
62 10
62 9
63 9
64 9
64 8
63 8
62 8
61 8
60 8
60 7
60 6
61 6
61 5
60 5
60 4
61 4
61 3
61 2
61 1
62 1
62 0
63 0
64 0
64 1
65 1
66 1
66 2
66 3
67 3
67 2
68 2
68 3
68 4
68 5
69 5
69 6
69 7
68 7
68 6
67 6
67 7
67 8
68 8
69 8
70 8
70 9
71 9
71 10
72 10
72 9
73 9
73 10
73 11
73 12
73 13
74 13
74 14
74 15
75 15
75 14
75 13
76 13
76 14
77 14
77 15
77 16
77 17
76 17
76 16
75 16
74 16
74 17
75 17
75 18
74 18
74 19
75 19
75 20
76 20
77 20
77 19
77 18
78 18
79 18
79 19
78 19
78 20
79 20
80 20
81 20
82 20
82 21
83 21
83 20
84 20
85 20
85 19
84 19
84 18
85 18
85 17
85 16
85 15
85 14
85 13
84 13
83 13
83 12
82 12
81 12
81 11
80 11
80 12
80 13
80 14
81 14
81 13
82 13
82 14
83 14
84 14
84 15
84 16
83 16
82 16
82 15
81 15
81 16
81 17
81 18
82 18
83 18
83 19
82 19
81 19
80 19
80 18
80 17
80 16
80 15
79 15
78 15
78 14
79 14
79 13
78 13
78 12
79 12
79 11
78 11
78 10
78 9
78 8
78 7
79 7
79 8
80 8
80 9
79 9
79 10
80 10
81 10
82 10
82 9
83 9
84 9
84 10
83 10
83 11
84 11
85 11
85 12
86 12
86 13
87 13
87 12
88 12
88 11
89 11
90 11
91 11
92 11
92 10
92 9
93 9
93 10
93 11
94 11
94 12
93 12
93 13
92 13
91 13
91 14
90 14
90 13
90 12
89 12
89 13
89 14
88 14
87 14
86 14
86 15
87 15
88 15
89 15
90 15
90 16
89 16
89 17
89 18
90 18
90 19
91 19
92 19
93 19
94 19
95 19
96 19
96 20
96 21
96 22
95 22
95 23
94 23
94 24
94 25
93 25
93 24
92 24
92 23
91 23
91 22
92 22
93 22
93 21
94 21
94 20
93 20
92 20
91 20
90 20
89 20
89 21
90 21
90 22
89 22
89 23
88 23
88 24
87 24
87 23
86 23
86 22
85 22
85 23
85 24
84 24
84 23
84 22
83 22
82 22
81 22
80 22
80 23
81 23
82 23
82 24
81 24
80 24
79 24
79 23
78 23
77 23
76 23
76 24
77 24
77 25
78 25
78 26
79 26
79 27
79 28
79 29
79 30
80 30
80 29
80 28
80 27
81 27
81 28
82 28
82 27
82 26
82 25
83 25
84 25
85 25
85 26
86 26
86 27
87 27
87 28
88 28
89 28
89 29
89 30
88 30
88 31
89 31
89 32
88 32
88 33
88 34
89 34
89 33
90 33
90 32
90 31
91 31
91 30
92 30
93 30
93 29
93 28
94 28
94 29
95 29
96 29
96 28
97 28
97 27
97 26
97 25
98 25
98 26
99 26
100 26
101 26
101 27
101 28
101 29
102 29
102 28
102 27
103 27
103 26
103 25
102 25
101 25
101 24
102 24
103 24
103 23
102 23
102 22
102 21
102 20
103 20
103 21
103 22
104 22
105 22
105 23
106 23
107 23
108 23
108 22
107 22
106 22
106 21
107 21
108 21
109 21
110 21
110 22
111 22
111 21
111 20
111 19
112 19
112 18
113 18
113 17
112 17
112 16
112 15
112 14
112 13
112 12
111 12
111 13
111 14
111 15
110 15
110 14
109 14
108 14
107 14
107 15
107 16
106 16
105 16
105 17
105 18
106 18
106 17
107 17
108 17
108 18
107 18
107 19
106 19
105 19
104 19
104 18
103 18
103 19
102 19
101 19
101 20
100 20
100 19
100 18
101 18
101 17
101 16
101 15
101 14
100 14
100 15
100 16
99 16
98 16
98 17
97 17
97 16
97 15
98 15
98 14
99 14
99 13
99 12
99 11
100 11
100 12
100 13
101 13
101 12
102 12
102 13
102 14
103 14
103 13
103 12
104 12
105 12
105 13
105 14
105 15
106 15
106 14
106 13
107 13
108 13
108 12
108 11
108 10
108 9
109 9
109 10
109 11
109 12
110 12
110 11
111 11
112 11
112 10
111 10
110 10
110 9
111 9
112 9
112 8
112 7
113 7
113 6
112 6
112 5
111 5
111 6
110 6
109 6
108 6
107 6
107 7
107 8
107 9
107 10
106 10
106 11
105 11
104 11
103 11
102 11
102 10
101 10
100 10
100 9
100 8
100 7
101 7
101 8
101 9
102 9
102 8
102 7
102 6
103 6
104 6
105 6
105 5
104 5
103 5
103 4
104 4
104 3
104 2
104 1
103 1
103 2
102 2
102 3
101 3
100 3
100 2
101 2
101 1
101 0
102 0
103 0
104 0
105 0
106 0
106 1
107 1
107 0
108 0
109 0
110 0
111 0
112 0
112 1
111 1
111 2
112 2
113 2
113 3
112 3
111 3
110 3
110 2
109 2
108 2
107 2
107 3
108 3
108 4
107 4
107 5
108 5
109 5
109 4
110 4
111 4
112 4
113 4
114 4
114 5
114 6
114 7
114 8
113 8
113 9
114 9
114 10
113 10
113 11
114 11
115 11
116 11
116 10
115 10
115 9
115 8
115 7
115 6
116 6
117 6
117 7
116 7
116 8
116 9
117 9
117 8
118 8
118 9
118 10
118 11
119 11
119 12
120 12
121 12
122 12
122 13
121 13
121 14
122 14
122 15
122 16
121 16
121 17
121 18
120 18
119 18
118 18
117 18
117 19
118 19
118 20
117 20
117 21
116 21
116 20
115 20
115 19
116 19
116 18
116 17
116 16
115 16
115 15
116 15
116 14
117 14
118 14
118 13
117 13
117 12
116 12
115 12
115 13
114 13
114 14
113 14
113 15
114 15
114 16
114 17
114 18
114 19
114 20
113 20
112 20
112 21
112 22
112 23
112 24
111 24
110 24
110 23
109 23
109 24
108 24
107 24
106 24
105 24
104 24
104 25
105 25
105 26
104 26
104 27
104 28
103 28
103 29
103 30
103 31
103 32
102 32
102 33
101 33
100 33
100 34
101 34
102 34
103 34
104 34
104 33
105 33
106 33
106 32
105 32
104 32
104 31
105 31
105 30
105 29
106 29
106 30
106 31
107 31
108 31
108 30
109 30
109 29
109 28
109 27
110 27
111 27
111 28
112 28
112 29
111 29
111 30
110 30
110 31
109 31
109 32
108 32
108 33
109 33
109 34
110 34
110 33
111 33
111 32
112 32
112 33
113 33
114 33
114 34
115 34
116 34
116 33
116 32
116 31
116 30
117 30
118 30
118 31
119 31
120 31
120 30
121 30
121 31
122 31
122 32
123 32
124 32
125 32
126 32
127 32
127 31
127 30
128 30
129 30
129 31
130 31
130 30
130 29
129 29
129 28
128 28
128 29
127 29
127 28
127 27
126 27
125 27
124 27
124 28
125 28
125 29
126 29
126 30
126 31
125 31
124 31
123 31
123 30
123 29
122 29
121 29
121 28
120 28
120 29
119 29
118 29
117 29
117 28
118 28
119 28
119 27
120 27
120 26
120 25
121 25
121 26
121 27
122 27
122 26
122 25
122 24
121 24
120 24
120 23
121 23
122 23
123 23
123 24
124 24
125 24
125 25
124 25
123 25
123 26
124 26
125 26
126 26
127 26
128 26
128 25
127 25
127 24
128 24
129 24
130 24
130 25
131 25
131 26
130 26
129 26
129 27
130 27
131 27
131 28
131 29
132 29
132 28
133 28
134 28
134 27
133 27
132 27
132 26
132 25
133 25
133 26
134 26
135 26
136 26
136 25
136 24
136 23
136 22
135 22
135 21
136 21
137 21
137 22
138 22
138 21
139 21
139 20
140 20
140 19
141 19
141 18
140 18
140 17
141 17
141 16
141 15
140 15
140 14
141 14
141 13
141 12
140 12
140 11
140 10
140 9
139 9
138 9
137 9
137 10
136 10
136 11
137 11
137 12
136 12
135 12
134 12
134 13
133 13
132 13
132 14
133 14
134 14
135 14
135 15
135 16
135 17
134 17
134 16
134 15
133 15
133 16
133 17
132 17
132 18
132 19
132 20
132 21
132 22
132 23
131 23
130 23
130 22
130 21
129 21
129 22
129 23
128 23
127 23
126 23
126 22
126 21
125 21
125 22
124 22
123 22
122 22
121 22
120 22
119 22
118 22
118 21
119 21
119 20
120 20
120 19
121 19
121 20
121 21
122 21
123 21
124 21
124 20
125 20
126 20
127 20
127 21
127 22
128 22
128 21
128 20
128 19
128 18
128 17
129 17
130 17
131 17
131 16
132 16
132 15
131 15
130 15
130 16
129 16
129 15
129 14
130 14
131 14
131 13
130 13
129 13
129 12
128 12
128 11
129 11
129 10
129 9
130 9
131 9
132 9
132 8
132 7
133 7
134 7
134 8
134 9
134 10
134 11
135 11
135 10
135 9
136 9
136 8
136 7
135 7
135 6
134 6
134 5
134 4
133 4
132 4
132 3
133 3
133 2
132 2
132 1
132 0
133 0
134 0
134 1
135 1
136 1
136 2
136 3
135 3
135 4
135 5
136 5
136 6
137 6
137 7
138 7
138 6
139 6
140 6
141 6
142 6
143 6
143 7
144 7
145 7
145 6
146 6
146 5
146 4
147 4
147 5
148 5
149 5
150 5
150 4
149 4
148 4
148 3
148 2
149 2
150 2
150 3
151 3
151 4
152 4
152 3
152 2
152 1
151 1
151 0
152 0
153 0
153 1
154 1
155 1
155 0
156 0
157 0
158 0
159 0
159 1
160 1
160 2
160 3
159 3
158 3
158 4
159 4
159 5
159 6
159 7
158 7
158 6
157 6
157 7
156 7
155 7
154 7
154 6
153 6
152 6
152 7
151 7
151 8
152 8
152 9
152 10
151 10
151 11
151 12
150 12
150 13
149 13
149 14
148 14
148 15
148 16
148 17
148 18
148 19
149 19
150 19
150 20
151 20
151 19
152 19
152 18
153 18
154 18
155 18
155 19
155 20
154 20
154 21
155 21
156 21
156 22
155 22
154 22
153 22
153 21
152 21
152 22
152 23
153 23
153 24
154 24
154 23
155 23
155 24
156 24
156 25
157 25
157 24
158 24
158 25
158 26
157 26
157 27
158 27
159 27
160 27
161 27
161 26
160 26
159 26
159 25
160 25
161 25
161 24
160 24
159 24
159 23
160 23
160 22
159 22
159 21
160 21
160 20
159 20
158 20
157 20
157 19
158 19
159 19
159 18
160 18
160 17
161 17
161 16
161 15
160 15
160 16
159 16
159 15
158 15
157 15
157 16
156 16
155 16
155 15
155 14
156 14
156 13
155 13
155 12
155 11
156 11
157 11
158 11
159 11
160 11
160 10
159 10
158 10
158 9
157 9
156 9
156 8
157 8
158 8
159 8
159 9
160 9
161 9
162 9
163 9
163 10
162 10
162 11
161 11
161 12
160 12
159 12
158 12
158 13
159 13
160 13
161 13
162 13
162 14
163 14
163 13
164 13
165 13
166 13
166 12
165 12
165 11
164 11
164 10
164 9
164 8
163 8
163 7
162 7
161 7
160 7
160 6
161 6
161 5
162 5
163 5
164 5
165 5
165 6
165 7
166 7
167 7
167 8
168 8
169 8
169 9
170 9
170 10
169 10
168 10
168 9
167 9
167 10
166 10
166 11
167 11
167 12
168 12
169 12
169 13
170 13
170 14
170 15
171 15
171 14
172 14
173 14
173 13
174 13
174 12
175 12
176 12
176 11
177 11
178 11
179 11
179 12
180 12
180 11
180 10
180 9
180 8
181 8
181 7
182 7
182 6
183 6
183 7
184 7
184 8
184 9
185 9
185 8
186 8
186 9
186 10
186 11
186 12
187 12
187 13
186 13
186 14
185 14
185 15
186 15
187 15
187 16
186 16
185 16
185 17
185 18
185 19
185 20
186 20
186 21
185 21
184 21
184 22
185 22
186 22
186 23
186 24
186 25
185 25
184 25
184 24
185 24
185 23
184 23
183 23
183 24
182 24
182 25
183 25
183 26
183 27
184 27
184 26
185 26
186 26
186 27
185 27
185 28
185 29
185 30
186 30
186 29
187 29
187 28
188 28
188 29
188 30
189 30
189 31
189 32
189 33
190 33
190 32
191 32
191 33
191 34
192 34
192 33
192 32
192 31
193 31
193 32
194 32
195 32
195 31
196 31
197 31
197 32
198 32
198 33
197 33
197 34
198 34
199 34
199 33
199 32
199 31
200 31
200 30
201 30
201 29
202 29
202 30
203 30
203 29
204 29
205 29
206 29
207 29
208 29
208 30
207 30
207 31
207 32
206 32
206 33
206 34
207 34
207 33
208 33
208 32
209 32
209 31
209 30
210 30
210 29
211 29
212 29
213 29
213 28
213 27
212 27
212 28
211 28
211 27
210 27
210 28
209 28
208 28
207 28
206 28
205 28
204 28
203 28
203 27
202 27
202 26
202 25
201 25
201 26
201 27
200 27
200 28
200 29
199 29
199 30
198 30
197 30
197 29
198 29
198 28
197 28
196 28
195 28
195 27
196 27
197 27
197 26
198 26
198 27
199 27
199 26
199 25
199 24
199 23
199 22
198 22
198 21
199 21
199 20
200 20
201 20
201 21
200 21
200 22
201 22
202 22
202 21
202 20
202 19
201 19
201 18
202 18
202 17
201 17
200 17
200 16
199 16
199 17
198 17
198 16
198 15
198 14
199 14
199 15
200 15
200 14
201 14
201 15
202 15
202 14
202 13
202 12
203 12
204 12
205 12
206 12
206 13
205 13
205 14
204 14
204 13
203 13
203 14
203 15
204 15
204 16
203 16
203 17
204 17
204 18
205 18
205 17
206 17
206 18
206 19
206 20
207 20
208 20
208 21
207 21
207 22
208 22
209 22
209 21
209 20
209 19
209 18
210 18
210 17
211 17
212 17
213 17
213 16
214 16
214 15
215 15
215 16
215 17
215 18
214 18
213 18
213 19
213 20
213 21
214 21
214 22
215 22
216 22
217 22
217 21
217 20
216 20
216 19
216 18
216 17
216 16
216 15
216 14
216 13
217 13
217 14
218 14
218 15
217 15
217 16
217 17
217 18
217 19
218 19
218 20
219 20
220 20
220 19
220 18
220 17
221 17
221 16
221 15
222 15
222 14
221 14
221 13
222 13
222 12
223 12
223 11
224 11
225 11
225 12
226 12
226 13
225 13
224 13
223 13
223 14
223 15
224 15
224 16
224 17
224 18
225 18
226 18
226 17
226 16
226 15
227 15
228 15
228 14
228 13
228 12
227 12
227 11
227 10
226 10
226 9
226 8
226 7
225 7
225 8
225 9
225 10
224 10
224 9
224 8
224 7
223 7
223 8
223 9
223 10
222 10
222 9
222 8
222 7
222 6
223 6
224 6
224 5
225 5
225 4
225 3
225 2
226 2
227 2
228 2
229 2
229 1
230 1
231 1
231 2
230 2
230 3
229 3
228 3
228 4
228 5
228 6
227 6
227 7
227 8
227 9
228 9
229 9
230 9
230 8
229 8
229 7
230 7
230 6
231 6
231 5
231 4
231 3
232 3
232 2
232 1
232 0
233 0
233 1
234 1
234 0
235 0
236 0
236 1
236 2
235 2
234 2
233 2
233 3
233 4
232 4
232 5
233 5
234 5
234 4
235 4
236 4
236 5
237 5
237 6
237 7
236 7
235 7
235 6
234 6
234 7
234 8
233 8
232 8
231 8
231 9
231 10
231 11
232 11
232 10
233 10
233 11
233 12
232 12
232 13
231 13
231 12
230 12
230 11
229 11
229 12
229 13
230 13
230 14
229 14
229 15
230 15
231 15
231 16
232 16
232 15
232 14
233 14
233 13
234 13
234 12
234 11
235 11
236 11
236 10
235 10
234 10
234 9
235 9
235 8
236 8
237 8
237 9
238 9
238 10
239 10
240 10
241 10
242 10
242 9
241 9
241 8
241 7
242 7
242 6
243 6
243 7
243 8
244 8
245 8
245 7
246 7
247 7
248 7
248 8
247 8
247 9
246 9
246 10
246 11
247 11
247 10
248 10
248 9
249 9
250 9
250 8
251 8
252 8
253 8
253 9
254 9
254 10
254 11
255 11
256 11
257 11
258 11
258 12
258 13
259 13
259 12
259 11
259 10
260 10
260 11
260 12
260 13
261 13
261 12
262 12
262 13
262 14
262 15
263 15
264 15
264 14
263 14
263 13
264 13
264 12
263 12
263 11
264 11
264 10
265 10
266 10
266 9
267 9
267 10
268 10
268 11
268 12
269 12
270 12
270 13
270 14
270 15
269 15
269 14
268 14
268 13
267 13
267 14
267 15
268 15
268 16
269 16
270 16
270 17
269 17
269 18
268 18
268 19
267 19
267 18
267 17
267 16
266 16
266 17
266 18
265 18
265 19
266 19
266 20
265 20
264 20
263 20
263 21
263 22
262 22
261 22
261 21
262 21
262 20
262 19
263 19
264 19
264 18
263 18
262 18
262 17
262 16
261 16
260 16
259 16
259 15
259 14
258 14
257 14
256 14
256 13
256 12
255 12
254 12
253 12
252 12
251 12
250 12
250 11
251 11
251 10
250 10
249 10
249 11
249 12
248 12
247 12
246 12
246 13
246 14
246 15
247 15
247 16
248 16
249 16
249 17
249 18
248 18
248 19
248 20
247 20
246 20
245 20
244 20
243 20
242 20
242 19
241 19
241 18
240 18
240 17
239 17
239 18
238 18
237 18
237 19
238 19
239 19
239 20
239 21
240 21
240 22
240 23
241 23
241 24
241 25
241 26
240 26
240 25
239 25
239 26
238 26
237 26
237 27
238 27
239 27
239 28
239 29
240 29
241 29
242 29
242 30
241 30
241 31
242 31
242 32
241 32
240 32
239 32
238 32
238 31
237 31
237 32
236 32
235 32
235 33
235 34
236 34
236 33
237 33
237 34
238 34
239 34
240 34
241 34
242 34
243 34
243 33
243 32
244 32
244 31
245 31
245 30
244 30
243 30
243 29
244 29
245 29
245 28
246 28
247 28
247 29
246 29
246 30
246 31
246 32
247 32
247 31
248 31
248 30
248 29
248 28
248 27
249 27
250 27
251 27
251 28
250 28
249 28
249 29
249 30
249 31
249 32
250 32
250 31
251 31
251 32
252 32
252 33
252 34
253 34
254 34
255 34
255 33
256 33
257 33
257 34
258 34
258 33
258 32
257 32
257 31
258 31
259 31
259 30
260 30
260 31
261 31
261 32
262 32
262 31
263 31
263 30
263 29
264 29
264 30
265 30
265 31
265 32
265 33
264 33
263 33
262 33
261 33
261 34
262 34
263 34
264 34
265 34
266 34
267 34
267 33
267 32
266 32
266 31
266 30
267 30
267 31
268 31
268 32
269 32
270 32
271 32
272 32
273 32
274 32
274 33
273 33
273 34
274 34
275 34
276 34
277 34
277 33
278 33
279 33
279 32
280 32
281 32
282 32
282 31
283 31
283 32
283 33
282 33
282 34
283 34
284 34
285 34
285 33
286 33
287 33
287 32
287 31
287 30
288 30
289 30
290 30
290 31
289 31
289 32
288 32
288 33
288 34
289 34
289 33
290 33
290 34
291 34
292 34
292 33
292 32
291 32
291 31
291 30
292 30
293 30
293 31
294 31
294 32
295 32
296 32
296 31
297 31
297 30
298 30
299 30
299 29
299 28
299 27
300 27
301 27
301 28
300 28
300 29
300 30
301 30
301 31
301 32
302 32
303 32
304 32
304 31
304 30
305 30
306 30
307 30
307 29
308 29
309 29
309 28
308 28
307 28
307 27
306 27
305 27
305 26
304 26
304 25
305 25
305 24
304 24
303 24
303 25
302 25
302 24
302 23
302 22
303 22
303 21
304 21
305 21
305 22
304 22
304 23
305 23
306 23
307 23
307 22
306 22
306 21
306 20
307 20
307 19
307 18
307 17
307 16
306 16
306 15
307 15
308 15
308 16
308 17
309 17
309 16
309 15
309 14
308 14
307 14
306 14
306 13
307 13
307 12
306 12
306 11
305 11
305 12
304 12
304 13
304 14
303 14
303 15
303 16
304 16
304 15
305 15
305 16
305 17
306 17
306 18
305 18
304 18
304 19
304 20
303 20
302 20
302 21
301 21
300 21
299 21
299 20
300 20
301 20
301 19
300 19
299 19
298 19
298 20
297 20
296 20
295 20
294 20
293 20
293 21
293 22
294 22
294 21
295 21
296 21
297 21
297 22
298 22
299 22
299 23
300 23
300 24
300 25
301 25
301 26
300 26
299 26
298 26
298 25
298 24
297 24
297 23
296 23
296 24
296 25
295 25
294 25
294 26
295 26
295 27
295 28
295 29
295 30
294 30
294 29
294 28
294 27
293 27
292 27
292 28
293 28
293 29
292 29
291 29
290 29
289 29
289 28
290 28
291 28
291 27
290 27
290 26
291 26
291 25
291 24
290 24
289 24
289 25
288 25
288 24
288 23
288 22
287 22
286 22
286 23
286 24
286 25
286 26
286 27
285 27
285 26
284 26
283 26
282 26
282 27
281 27
281 28
281 29
280 29
280 28
279 28
278 28
278 27
277 27
277 28
277 29
276 29
275 29
275 28
275 27
274 27
273 27
273 28
274 28
274 29
274 30
274 31
273 31
272 31
271 31
271 30
271 29
271 28
272 28
272 27
271 27
271 26
271 25
270 25
269 25
268 25
268 24
269 24
269 23
268 23
267 23
267 22
266 22
266 21
267 21
268 21
269 21
269 22
270 22
270 23
270 24
271 24
271 23
272 23
272 24
272 25
273 25
273 26
274 26
275 26
276 26
277 26
278 26
279 26
279 25
280 25
280 26
281 26
281 25
281 24
280 24
280 23
280 22
280 21
280 20
279 20
278 20
278 19
278 18
279 18
279 17
278 17
277 17
277 16
277 15
277 14
278 14
278 15
279 15
279 14
280 14
280 13
279 13
279 12
280 12
281 12
281 13
282 13
283 13
283 14
282 14
282 15
283 15
284 15
285 15
286 15
286 16
285 16
284 16
283 16
282 16
281 16
281 17
282 17
282 18
282 19
281 19
281 20
282 20
283 20
284 20
284 21
284 22
284 23
284 24
284 25
285 25
285 24
285 23
285 22
285 21
286 21
287 21
288 21
289 21
289 22
289 23
290 23
290 22
291 22
292 22
292 21
292 20
292 19
292 18
292 17
291 17
290 17
290 18
289 18
289 19
288 19
288 20
287 20
286 20
286 19
285 19
285 18
286 18
286 17
287 17
287 16
287 15
288 15
288 16
288 17
289 17
289 16
290 16
291 16
291 15
290 15
290 14
290 13
291 13
292 13
292 12
291 12
291 11
290 11
289 11
289 10
290 10
290 9
291 9
292 9
293 9
293 10
294 10
294 11
294 12
294 13
293 13
293 14
294 14
295 14
295 15
294 15
294 16
294 17
294 18
293 18
293 19
294 19
295 19
296 19
297 19
297 18
296 18
296 17
295 17
295 16
296 16
296 15
297 15
297 14
297 13
298 13
298 12
297 12
296 12
296 13
295 13
295 12
295 11
296 11
296 10
295 10
295 9
296 9
296 8
295 8
294 8
294 7
294 6
293 6
292 6
291 6
291 5
290 5
289 5
289 4
290 4
290 3
291 3
292 3
292 4
292 5
293 5
293 4
293 3
294 3
294 4
294 5
295 5
295 4
296 4
297 4
298 4
298 3
299 3
299 4
299 5
299 6
298 6
297 6
297 5
296 5
296 6
295 6
295 7
296 7
297 7
297 8
297 9
297 10
297 11
298 11
299 11
299 10
298 10
298 9
298 8
299 8
300 8
301 8
301 9
301 10
302 10
302 9
302 8
303 8
303 7
302 7
301 7
301 6
302 6
302 5
301 5
300 5
300 4
301 4
301 3
301 2
300 2
300 1
300 0
301 0
301 1
302 1
302 2
303 2
304 2
304 1
304 0
305 0
305 1
305 2
306 2
307 2
307 1
306 1
306 0
307 0
308 0
309 0
310 0
311 0
311 1
311 2
311 3
312 3
312 4
311 4
310 4
310 3
310 2
309 2
309 1
308 1
308 2
308 3
309 3
309 4
308 4
307 4
306 4
305 4
305 3
304 3
303 3
302 3
302 4
303 4
303 5
304 5
305 5
306 5
306 6
305 6
304 6
304 7
304 8
304 9
305 9
306 9
306 10
307 10
307 11
308 11
308 12
308 13
309 13
310 13
311 13
311 12
312 12
312 13
313 13
313 14
314 14
315 14
316 14
316 13
316 12
315 12
314 12
313 12
313 11
313 10
314 10
314 9
315 9
316 9
316 10
317 10
317 9
317 8
318 8
318 9
318 10
318 11
319 11
320 11
320 10
320 9
320 8
319 8
319 7
318 7
318 6
317 6
317 7
316 7
315 7
314 7
313 7
313 6
314 6
314 5
314 4
313 4
313 3
314 3
315 3
315 2
315 1
314 1
313 1
313 0
314 0
315 0
316 0
316 1
316 2
317 2
317 3
316 3
316 4
316 5
317 5
318 5
319 5
319 6
320 6
320 7
321 7
321 6
321 5
322 5
323 5
323 6
324 6
324 7
323 7
322 7
322 8
323 8
324 8
325 8
325 7
325 6
326 6
326 7
326 8
327 8
327 9
328 9
329 9
330 9
331 9
331 8
332 8
333 8
333 7
332 7
332 6
333 6
334 6
334 5
335 5
335 6
336 6
336 5
337 5
337 4
338 4
339 4
339 5
340 5
340 4
341 4
341 5
342 5
342 4
343 4
343 3
344 3
345 3
345 4
345 5
345 6
346 6
346 5
347 5
347 6
348 6
348 7
347 7
346 7
346 8
347 8
347 9
347 10
346 10
346 9
345 9
345 10
344 10
344 9
343 9
343 8
343 7
343 6
342 6
341 6
341 7
341 8
340 8
340 9
340 10
339 10
339 9
339 8
338 8
337 8
336 8
336 9
335 9
335 8
335 7
334 7
334 8
334 9
333 9
332 9
332 10
332 11
332 12
333 12
334 12
335 12
335 13
336 13
337 13
337 14
336 14
335 14
334 14
334 15
335 15
335 16
334 16
333 16
332 16
332 15
332 14
333 14
333 13
332 13
331 13
331 12
331 11
331 10
330 10
330 11
330 12
329 12
328 12
327 12
327 13
327 14
328 14
329 14
329 15
330 15
330 14
331 14
331 15
331 16
331 17
332 17
332 18
331 18
331 19
331 20
330 20
330 21
329 21
329 22
329 23
328 23
327 23
327 22
326 22
325 22
325 23
326 23
326 24
327 24
327 25
326 25
325 25
324 25
324 26
323 26
323 27
322 27
321 27
321 26
321 25
322 25
322 24
321 24
321 23
320 23
320 24
320 25
319 25
318 25
318 26
319 26
320 26
320 27
319 27
318 27
317 27
316 27
316 26
315 26
315 25
314 25
314 26
313 26
313 25
313 24
312 24
311 24
311 25
311 26
310 26
309 26
308 26
308 27
309 27
310 27
310 28
311 28
311 29
311 30
310 30
309 30
308 30
308 31
309 31
309 32
308 32
308 33
309 33
309 34
310 34
311 34
311 33
311 32
311 31
312 31
312 32
313 32
314 32
314 33
314 34
315 34
316 34
317 34
318 34
319 34
320 34
320 33
319 33
319 32
318 32
318 31
318 30
318 29
319 29
319 30
319 31
320 31
320 30
321 30
321 31
321 32
321 33
321 34
322 34
323 34
323 33
322 33
322 32
323 32
324 32
324 33
325 33
326 33
326 34
327 34
328 34
329 34
330 34
331 34
331 33
330 33
330 32
330 31
330 30
331 30
331 31
331 32
332 32
332 31
332 30
332 29
332 28
332 27
331 27
330 27
329 27
329 28
330 28
331 28
331 29
330 29
329 29
328 29
328 28
327 28
327 29
326 29
326 30
325 30
325 31
324 31
324 30
324 29
324 28
324 27
325 27
325 26
326 26
326 27
327 27
327 26
328 26
329 26
329 25
328 25
328 24
329 24
330 24
330 23
330 22
331 22
332 22
332 23
332 24
331 24
331 25
330 25
330 26
331 26
332 26
333 26
334 26
334 25
335 25
335 24
336 24
337 24
338 24
339 24
339 23
340 23
341 23
342 23
342 24
341 24
340 24
340 25
340 26
341 26
341 25
342 25
342 26
342 27
342 28
341 28
340 28
339 28
339 27
339 26
338 26
338 25
337 25
336 25
336 26
335 26
335 27
335 28
335 29
334 29
334 30
335 30
336 30
336 29
336 28
337 28
337 27
338 27
338 28
338 29
337 29
337 30
337 31
337 32
336 32
335 32
335 33
336 33
336 34
337 34
337 33
338 33
338 32
339 32
339 31
339 30
340 30
340 31
340 32
340 33
340 34
341 34
341 33
342 33
342 34
343 34
343 33
344 33
344 34
345 34
345 33
346 33
346 32
347 32
347 31
346 31
346 30
347 30
347 29
346 29
345 29
344 29
343 29
343 28
343 27
343 26
344 26
344 27
344 28
345 28
346 28
346 27
347 27
348 27
348 28
348 29
348 30
348 31
348 32
349 32
349 33
350 33
350 34
351 34
351 33
351 32
352 32
352 33
352 34
353 34
354 34
354 33
354 32
355 32
355 33
355 34
356 34
356 33
356 32
357 32
357 33
357 34
358 34
359 34
359 33
360 33
360 32
359 32
359 31
359 30
358 30
357 30
357 29
357 28
357 27
357 26
357 25
358 25
358 26
358 27
359 27
359 28
358 28
358 29
359 29
360 29
360 28
361 28
361 29
362 29
362 30
362 31
362 32
361 32
361 33
361 34
362 34
363 34
363 33
364 33
364 32
365 32
366 32
366 31
367 31
367 32
367 33
367 34
368 34
368 33
368 32
368 31
369 31
369 32
369 33
369 34
370 34
370 33
370 32
371 32
372 32
372 33
373 33
374 33
374 34
375 34
375 33
376 33
376 32
376 31
377 31
377 30
377 29
377 28
377 27
378 27
378 26
377 26
376 26
376 27
375 27
375 26
375 25
374 25
374 24
374 23
375 23
375 24
376 24
376 25
377 25
378 25
379 25
379 24
379 23
379 22
380 22
380 23
380 24
380 25
380 26
379 26
379 27
380 27
380 28
381 28
382 28
382 29
383 29
383 28
384 28
385 28
385 27
386 27
386 28
387 28
388 28
388 27
389 27
389 28
389 29
390 29
390 30
389 30
388 30
388 29
387 29
386 29
386 30
387 30
387 31
387 32
388 32
388 33
388 34
389 34
389 33
389 32
390 32
391 32
392 32
393 32
394 32
394 31
394 30
395 30
396 30
397 30
397 29
396 29
396 28
396 27
396 26
395 26
394 26
394 25
393 25
392 25
392 24
393 24
394 24
395 24
395 23
394 23
394 22
395 22
395 21
396 21
396 20
397 20
397 21
397 22
396 22
396 23
397 23
397 24
397 25
398 25
399 25
399 26
400 26
400 27
399 27
399 28
398 28
398 29
399 29
400 29
401 29
402 29
403 29
403 30
403 31
404 31
405 31
405 32
404 32
403 32
402 32
402 31
402 30
401 30
400 30
399 30
398 30
398 31
397 31
396 31
396 32
395 32
395 33
396 33
396 34
397 34
397 33
397 32
398 32
399 32
399 31
400 31
401 31
401 32
401 33
400 33
399 33
399 34
400 34
401 34
402 34
402 33
403 33
404 33
404 34
405 34
405 33
406 33
407 33
407 34
408 34
409 34
410 34
411 34
411 33
412 33
413 33
413 32
412 32
411 32
410 32
409 32
409 31
408 31
408 30
408 29
409 29
410 29
410 28
409 28
409 27
409 26
408 26
408 27
407 27
406 27
405 27
404 27
404 26
403 26
403 27
402 27
402 28
401 28
401 27
401 26
401 25
402 25
403 25
404 25
404 24
403 24
403 23
402 23
402 24
401 24
400 24
400 23
401 23
401 22
402 22
403 22
403 21
402 21
401 21
400 21
400 20
400 19
400 18
400 17
399 17
398 17
397 17
397 18
397 19
396 19
396 18
395 18
395 17
395 16
395 15
394 15
393 15
392 15
392 14
391 14
391 13
390 13
389 13
389 12
389 11
389 10
389 9
390 9
390 8
391 8
391 7
392 7
392 8
392 9
392 10
392 11
393 11
393 10
393 9
393 8
394 8
395 8
395 9
396 9
397 9
398 9
399 9
400 9
400 8
399 8
399 7
398 7
398 8
397 8
396 8
396 7
396 6
395 6
395 5
396 5
397 5
397 4
396 4
395 4
394 4
394 5
394 6
393 6
392 6
392 5
391 5
391 6
390 6
390 7
389 7
388 7
388 6
387 6
386 6
386 7
385 7
384 7
384 6
385 6
385 5
384 5
384 4
385 4
385 3
384 3
383 3
382 3
381 3
381 4
381 5
381 6
380 6
380 5
379 5
379 6
378 6
377 6
377 7
378 7
378 8
377 8
376 8
376 7
375 7
374 7
374 6
375 6
375 5
376 5
377 5
377 4
377 3
377 2
377 1
378 1
378 2
379 2
379 1
380 1
380 0
381 0
382 0
383 0
384 0
384 1
384 2
385 2
385 1
386 1
386 2
387 2
388 2
389 2
389 1
390 1
390 0
391 0
391 1
392 1
392 2
393 2
393 3
394 3
395 3
395 2
396 2
396 1
395 1
394 1
394 0
395 0
396 0
397 0
397 1
397 2
398 2
399 2
399 3
398 3
398 4
398 5
399 5
400 5
401 5
401 4
402 4
402 5
403 5
403 6
404 6
405 6
405 7
405 8
406 8
407 8
407 9
406 9
406 10
406 11
406 12
406 13
405 13
405 12
405 11
404 11
404 12
403 12
402 12
402 13
403 13
403 14
403 15
403 16
403 17
402 17
401 17
401 18
401 19
401 20
402 20
403 20
404 20
405 20
406 20
407 20
407 21
406 21
406 22
407 22
407 23
407 24
406 24
405 24
405 25
406 25
406 26
407 26
407 25
408 25
408 24
409 24
410 24
411 24
411 25
410 25
410 26
411 26
412 26
412 25
412 24
412 23
413 23
413 24
413 25
414 25
415 25
416 25
416 24
415 24
415 23
415 22
415 21
414 21
413 21
413 20
412 20
412 19
412 18
412 17
411 17
411 18
411 19
410 19
410 18
410 17
409 17
409 16
409 15
410 15
410 16
411 16
411 15
411 14
411 13
412 13
413 13
413 14
413 15
414 15
415 15
415 16
414 16
414 17
414 18
414 19
414 20
415 20
415 19
416 19
417 19
417 20
417 21
416 21
416 22
417 22
418 22
418 21
419 21
420 21
420 20
421 20
421 19
421 18
422 18
422 19
423 19
423 18
423 17
423 16
423 15
424 15
425 15
425 14
425 13
424 13
423 13
423 12
422 12
422 11
421 11
421 12
421 13
422 13
422 14
421 14
420 14
419 14
419 13
419 12
418 12
418 11
418 10
418 9
417 9
416 9
416 8
417 8
417 7
417 6
417 5
416 5
416 4
416 3
417 3
417 2
418 2
419 2
420 2
420 1
421 1
422 1
422 0
423 0
423 1
424 1
425 1
426 1
426 2
426 3
426 4
425 4
425 3
425 2
424 2
424 3
424 4
423 4
422 4
422 3
421 3
421 4
420 4
420 3
419 3
419 4
418 4
418 5
419 5
420 5
421 5
421 6
421 7
420 7
420 8
420 9
419 9
419 10
420 10
421 10
421 9
422 9
422 10
423 10
423 11
424 11
424 10
425 10
426 10
426 11
426 12
426 13
427 13
427 12
428 12
428 13
429 13
430 13
430 14
431 14
432 14
432 15
431 15
430 15
430 16
429 16
429 17
429 18
429 19
430 19
431 19
431 18
431 17
432 17
432 16
433 16
434 16
435 16
435 17
435 18
436 18
436 17
437 17
437 18
438 18
438 19
439 19
439 20
438 20
438 21
439 21
439 22
439 23
439 24
439 25
440 25
441 25
442 25
442 26
441 26
441 27
442 27
442 28
441 28
440 28
440 27
439 27
438 27
438 26
438 25
437 25
437 24
436 24
436 25
436 26
435 26
435 25
434 25
433 25
433 24
433 23
432 23
431 23
431 24
432 24
432 25
431 25
430 25
429 25
428 25
427 25
426 25
425 25
424 25
424 24
423 24
423 25
422 25
422 24
422 23
421 23
421 24
421 25
421 26
421 27
422 27
423 27
423 28
424 28
424 29
423 29
422 29
422 28
421 28
420 28
420 27
420 26
419 26
419 27
419 28
419 29
420 29
420 30
419 30
418 30
418 31
418 32
419 32
420 32
420 31
421 31
421 32
422 32
422 33
423 33
423 32
424 32
424 31
423 31
423 30
424 30
425 30
425 29
425 28
426 28
426 27
426 26
427 26
427 27
427 28
428 28
428 29
429 29
430 29
431 29
431 28
432 28
432 29
432 30
431 30
430 30
430 31
429 31
429 30
428 30
428 31
427 31
427 30
426 30
426 31
426 32
426 33
427 33
428 33
428 34
429 34
429 33
429 32
430 32
430 33
431 33
432 33
432 34
433 34
433 33
434 33
434 32
435 32
435 31
435 30
435 29
434 29
434 30
434 31
433 31
433 30
433 29
433 28
433 27
433 26
434 26
434 27
434 28
435 28
436 28
437 28
437 29
436 29
436 30
437 30
438 30
438 31
437 31
436 31
436 32
437 32
438 32
439 32
439 33
440 33
441 33
441 34
442 34
443 34
443 33
443 32
444 32
444 33
444 34
445 34
445 33
445 32
446 32
446 31
447 31
447 30
448 30
449 30
449 31
449 32
449 33
449 34
450 34
451 34
451 33
451 32
451 31
452 31
453 31
454 31
454 30
453 30
452 30
452 29
453 29
453 28
453 27
453 26
454 26
454 25
455 25
455 24
456 24
456 25
457 25
457 24
458 24
458 23
457 23
457 22
457 21
457 20
457 19
458 19
458 20
459 20
459 21
459 22
459 23
459 24
459 25
459 26
458 26
457 26
456 26
456 27
456 28
457 28
458 28
459 28
459 27
460 27
460 26
461 26
462 26
462 25
462 24
463 24
463 23
463 22
462 22
461 22
461 23
461 24
461 25
460 25
460 24
460 23
460 22
460 21
461 21
462 21
462 20
463 20
463 21
464 21
464 20
465 20
466 20
466 21
465 21
465 22
465 23
464 23
464 24
464 25
464 26
463 26
463 27
463 28
463 29
463 30
464 30
464 31
465 31
466 31
466 32
467 32
468 32
469 32
469 33
468 33
468 34
469 34
470 34
471 34
472 34
473 34
473 33
472 33
472 32
472 31
472 30
472 29
472 28
471 28
470 28
470 29
471 29
471 30
470 30
469 30
468 30
468 29
467 29
466 29
466 28
466 27
466 26
465 26
465 25
466 25
466 24
466 23
466 22
467 22
467 21
468 21
468 20
469 20
469 19
468 19
467 19
466 19
465 19
465 18
466 18
466 17
465 17
464 17
464 18
463 18
462 18
461 18
461 17
461 16
461 15
461 14
462 14
463 14
464 14
464 15
465 15
466 15
466 16
467 16
467 17
468 17
468 18
469 18
470 18
470 17
470 16
470 15
469 15
469 16
468 16
468 15
467 15
467 14
466 14
466 13
467 13
467 12
466 12
465 12
464 12
464 13
463 13
462 13
462 12
462 11
462 10
461 10
461 11
461 12
461 13
460 13
460 14
459 14
459 15
458 15
457 15
456 15
456 16
457 16
457 17
456 17
455 17
454 17
453 17
453 18
452 18
451 18
451 19
450 19
450 18
449 18
449 19
449 20
448 20
448 19
448 18
448 17
448 16
447 16
446 16
446 15
446 14
447 14
447 15
448 15
449 15
449 16
449 17
450 17
450 16
450 15
450 14
450 13
449 13
448 13
447 13
447 12
446 12
446 13
445 13
444 13
443 13
443 14
443 15
444 15
444 16
443 16
443 17
442 17
442 18
441 18
440 18
439 18
439 17
440 17
440 16
440 15
441 15
441 16
442 16
442 15
442 14
441 14
441 13
440 13
440 14
439 14
439 13
438 13
437 13
436 13
436 12
435 12
435 13
435 14
436 14
436 15
435 15
434 15
434 14
434 13
433 13
432 13
432 12
431 12
430 12
430 11
429 11
429 10
429 9
430 9
430 8
429 8
428 8
428 9
427 9
426 9
425 9
425 8
426 8
427 8
427 7
427 6
428 6
428 7
429 7
429 6
429 5
430 5
430 6
431 6
431 5
431 4
431 3
430 3
430 2
430 1
430 0
431 0
432 0
433 0
433 1
434 1
434 2
435 2
435 3
435 4
435 5
434 5
433 5
432 5
432 6
432 7
431 7
431 8
432 8
432 9
431 9
431 10
432 10
432 11
433 11
434 11
434 10
435 10
435 9
435 8
436 8
436 9
437 9
438 9
439 9
440 9
440 8
440 7
440 6
440 5
441 5
442 5
442 6
441 6
441 7
442 7
442 8
443 8
443 7
443 6
443 5
443 4
444 4
444 3
443 3
443 2
444 2
445 2
445 1
445 0
446 0
447 0
448 0
449 0
449 1
449 2
449 3
449 4
448 4
448 3
447 3
447 4
447 5
447 6
448 6
448 7
449 7
449 6
450 6
451 6
451 7
452 7
452 6
453 6
454 6
455 6
456 6
457 6
458 6
459 6
460 6
460 7
461 7
462 7
463 7
463 6
464 6
464 7
464 8
465 8
465 9
464 9
463 9
463 10
464 10
465 10
466 10
466 9
466 8
467 8
468 8
468 9
468 10
469 10
470 10
471 10
471 11
470 11
470 12
471 12
471 13
470 13
470 14
471 14
471 15
472 15
472 14
472 13
472 12
473 12
473 13
473 14
474 14
474 13
474 12
475 12
476 12
476 13
475 13
475 14
476 14
477 14
477 15
476 15
476 16
477 16
477 17
478 17
478 16
478 15
479 15
479 16
479 17
479 18
480 18
480 17
480 16
480 15
481 15
481 14
481 13
480 13
480 12
479 12
478 12
477 12
477 11
476 11
476 10
475 10
474 10
473 10
472 10
472 9
472 8
472 7
472 6
471 6
471 5
470 5
470 6
470 7
471 7
471 8
470 8
469 8
469 7
469 6
469 5
469 4
470 4
470 3
470 2
469 2
468 2
468 3
468 4
468 5
467 5
467 4
467 3
466 3
465 3
464 3
464 4
465 4
465 5
464 5
463 5
462 5
461 5
461 4
461 3
460 3
460 2
459 2
459 3
459 4
458 4
458 3
457 3
457 4
457 5
456 5
456 4
455 4
454 4
453 4
453 3
452 3
452 2
452 1
452 0
453 0
454 0
454 1
453 1
453 2
454 2
454 3
455 3
456 3
456 2
456 1
455 1
455 0
456 0
457 0
457 1
457 2
458 2
458 1
458 0
459 0
459 1
460 1
461 1
462 1
463 1
463 2
464 2
464 1
464 0
465 0
465 1
465 2
466 2
466 1
466 0
467 0
468 0
469 0
469 1
470 1
470 0
471 0
472 0
472 1
471 1
471 2
472 2
472 3
471 3
471 4
472 4
472 5
473 5
474 5
474 4
474 3
474 2
473 2
473 1
474 1
474 0
475 0
475 1
475 2
476 2
476 3
477 3
477 4
476 4
475 4
475 5
475 6
475 7
474 7
473 7
473 8
473 9
474 9
474 8
475 8
476 8
476 7
476 6
477 6
477 5
478 5
478 6
478 7
478 8
478 9
477 9
477 10
478 10
478 11
479 11
480 11
481 11
481 12
482 12
483 12
483 11
482 11
482 10
481 10
480 10
480 9
480 8
481 8
482 8
482 9
483 9
483 10
484 10
484 11
484 12
485 12
485 11
485 10
485 9
486 9
486 10
486 11
486 12
487 12
487 11
487 10
487 9
488 9
488 8
489 8
489 7
488 7
487 7
487 6
488 6
488 5
487 5
487 4
486 4
486 5
486 6
486 7
486 8
485 8
485 7
484 7
484 8
483 8
483 7
483 6
484 6
485 6
485 5
485 4
484 4
484 5
483 5
482 5
482 4
483 4
483 3
484 3
484 2
485 2
486 2
486 3
487 3
488 3
488 4
489 4
489 5
490 5
490 4
490 3
489 3
489 2
490 2
491 2
492 2
492 1
491 1
490 1
489 1
488 1
488 0
489 0
490 0
491 0
492 0
493 0
494 0
495 0
495 1
495 2
494 2
493 2
493 3
493 4
493 5
492 5
492 6
491 6
491 7
492 7
492 8
493 8
494 8
494 9
495 9
495 8
496 8
496 9
497 9
497 10
498 10
498 11
498 12
499 12
499 13
499 14
500 14
500 13
501 13
501 14
502 14
502 13
503 13
503 12
504 12
504 13
505 13
505 12
505 11
505 10
506 10
506 9
506 8
505 8
505 9
504 9
503 9
502 9
501 9
501 10
500 10
500 9
500 8
501 8
501 7
500 7
499 7
499 6
498 6
498 5
498 4
499 4
499 3
499 2
500 2
500 1
499 1
499 0
500 0
501 0
501 1
502 1
502 2
502 3
501 3
501 4
500 4
500 5
500 6
501 6
502 6
502 7
502 8
503 8
503 7
503 6
503 5
503 4
504 4
505 4
505 5
505 6
506 6
506 5
506 4
507 4
507 3
506 3
505 3
504 3
504 2
505 2
506 2
507 2
508 2
508 1
508 0
509 0
510 0
510 1
511 1
511 0
512 0
512 1
512 2
511 2
510 2
509 2
509 3
509 4
508 4
508 5
508 6
507 6
507 7
508 7
509 7
509 6
509 5
510 5
511 5
511 4
512 4
512 5
513 5
514 5
514 4
515 4
515 5
516 5
516 6
515 6
515 7
515 8
514 8
514 7
513 7
513 6
512 6
512 7
512 8
511 8
511 7
510 7
510 8
510 9
509 9
508 9
507 9
507 10
507 11
506 11
506 12
507 12
508 12
509 12
509 11
508 11
508 10
509 10
510 10
511 10
511 9
512 9
513 9
514 9
515 9
516 9
516 8
517 8
517 9
518 9
518 10
517 10
517 11
516 11
516 12
517 12
517 13
516 13
515 13
515 12
514 12
514 13
513 13
512 13
512 12
511 12
510 12
510 13
509 13
509 14
510 14
510 15
509 15
508 15
507 15
506 15
506 16
507 16
508 16
509 16
510 16
510 17
509 17
509 18
509 19
510 19
510 20
511 20
511 19
511 18
512 18
512 17
512 16
512 15
512 14
513 14
513 15
514 15
515 15
516 15
516 16
516 17
516 18
515 18
514 18
514 17
514 16
513 16
513 17
513 18
513 19
512 19
512 20
513 20
513 21
514 21
514 22
513 22
513 23
512 23
512 24
512 25
513 25
513 26
513 27
512 27
511 27
511 26
510 26
509 26
509 27
508 27
508 26
507 26
507 25
506 25
505 25
505 26
504 26
504 25
503 25
502 25
501 25
501 26
502 26
503 26
503 27
503 28
504 28
504 29
503 29
503 30
503 31
504 31
504 32
504 33
504 34
505 34
506 34
507 34
508 34
508 33
508 32
508 31
507 31
507 30
508 30
508 29
507 29
507 28
508 28
509 28
510 28
510 29
509 29
509 30
509 31
510 31
510 32
509 32
509 33
509 34
510 34
511 34
512 34
513 34
514 34
514 33
514 32
513 32
512 32
512 31
512 30
512 29
513 29
513 28
514 28
515 28
515 29
515 30
516 30
516 31
516 32
517 32
517 33
517 34
518 34
518 33
519 33
519 32
519 31
518 31
518 30
519 30
520 30
520 29
520 28
520 27
520 26
519 26
519 27
519 28
519 29
518 29
517 29
517 28
516 28
516 27
515 27
515 26
514 26
514 25
515 25
515 24
516 24
516 23
516 22
515 22
515 21
515 20
515 19
516 19
517 19
517 20
516 20
516 21
517 21
518 21
519 21
519 20
519 19
519 18
520 18
520 17
519 17
518 17
517 17
517 16
517 15
517 14
518 14
518 13
518 12
519 12
519 13
519 14
520 14
520 13
520 12
520 11
520 10
519 10
519 9
519 8
518 8
518 7
518 6
517 6
517 5
517 4
518 4
518 3
518 2
519 2
520 2
520 3
520 4
520 5
521 5
521 6
521 7
522 7
522 6
523 6
524 6
524 5
524 4
524 3
523 3
522 3
522 4
521 4
521 3
521 2
521 1
520 1
520 0
521 0
522 0
523 0
524 0
524 1
525 1
526 1
526 2
525 2
525 3
526 3
526 4
527 4
528 4
529 4
529 3
529 2
528 2
527 2
527 1
527 0
528 0
528 1
529 1
530 1
530 2
531 2
531 3
531 4
531 5
531 6
531 7
532 7
532 6
532 5
532 4
532 3
533 3
533 2
532 2
532 1
533 1
534 1
534 2
534 3
535 3
536 3
536 2
537 2
537 3
537 4
537 5
538 5
538 6
539 6
539 5
540 5
541 5
541 6
541 7
540 7
539 7
539 8
539 9
540 9
541 9
541 8
542 8
542 7
542 6
543 6
543 5
543 4
543 3
542 3
542 4
541 4
541 3
541 2
542 2
542 1
541 1
540 1
539 1
539 2
538 2
538 1
537 1
537 0
538 0
539 0
540 0
541 0
542 0
543 0
543 1
544 1
545 1
545 0
546 0
547 0
548 0
549 0
549 1
548 1
548 2
548 3
547 3
547 2
547 1
546 1
546 2
546 3
546 4
545 4
544 4
544 5
544 6
545 6
546 6
546 7
546 8
547 8
547 9
548 9
548 8
549 8
549 7
549 6
550 6
550 5
551 5
551 6
551 7
550 7
550 8
551 8
551 9
551 10
552 10
552 11
551 11
550 11
550 10
549 10
548 10
547 10
547 11
548 11
548 12
547 12
546 12
546 11
545 11
545 12
544 12
543 12
542 12
541 12
540 12
540 13
540 14
540 15
540 16
541 16
541 15
541 14
541 13
542 13
543 13
544 13
544 14
543 14
542 14
542 15
543 15
543 16
542 16
542 17
542 18
543 18
543 19
544 19
545 19
545 18
545 17
545 16
546 16
546 17
547 17
547 16
547 15
548 15
548 16
548 17
548 18
549 18
550 18
550 19
550 20
550 21
551 21
551 22
552 22
552 23
552 24
551 24
550 24
549 24
549 23
549 22
548 22
548 21
549 21
549 20
549 19
548 19
548 20
547 20
547 21
546 21
545 21
545 22
544 22
543 22
542 22
542 21
542 20
542 19
541 19
541 20
541 21
541 22
541 23
542 23
543 23
544 23
545 23
545 24
544 24
543 24
542 24
541 24
540 24
539 24
539 25
539 26
539 27
538 27
537 27
537 26
536 26
535 26
535 27
536 27
536 28
537 28
538 28
538 29
538 30
539 30
540 30
541 30
541 31
542 31
542 30
543 30
543 29
544 29
544 28
545 28
545 27
544 27
543 27
543 26
543 25
544 25
544 26
545 26
545 25
546 25
547 25
547 24
546 24
546 23
546 22
547 22
547 23
548 23
548 24
548 25
548 26
548 27
547 27
546 27
546 28
547 28
548 28
548 29
547 29
546 29
546 30
546 31
547 31
547 30
548 30
549 30
549 31
548 31
548 32
549 32
550 32
551 32
551 33
550 33
550 34
551 34
552 34
552 33
552 32
552 31
551 31
551 30
551 29
552 29
552 28
551 28
550 28
550 29
549 29
549 28
549 27
550 27
550 26
549 26
549 25
550 25
551 25
551 26
552 26
552 25
553 25
554 25
554 26
554 27
555 27
555 26
555 25
555 24
556 24
557 24
557 23
558 23
559 23
559 22
559 21
559 20
558 20
558 21
558 22
557 22
556 22
555 22
554 22
554 23
554 24
553 24
553 23
553 22
553 21
554 21
554 20
555 20
555 19
556 19
556 20
557 20
557 19
557 18
556 18
555 18
554 18
554 19
553 19
553 20
552 20
552 19
551 19
551 18
551 17
550 17
550 16
549 16
549 15
550 15
551 15
551 14
551 13
550 13
550 12
551 12
552 12
552 13
552 14
553 14
553 13
554 13
554 12
553 12
553 11
553 10
553 9
554 9
554 8
555 8
555 9
556 9
556 8
556 7
556 6
557 6
557 5
557 4
558 4
559 4
560 4
560 3
559 3
558 3
557 3
556 3
556 2
555 2
554 2
554 3
553 3
552 3
552 2
553 2
553 1
552 1
552 0
553 0
554 0
555 0
556 0
556 1
557 1
557 0
558 0
559 0
559 1
558 1
558 2
559 2
560 2
560 1
560 0
561 0
562 0
562 1
561 1
561 2
561 3
561 4
561 5
562 5
563 5
563 4
563 3
563 2
563 1
563 0
564 0
564 1
565 1
566 1
566 2
567 2
568 2
568 3
569 3
570 3
570 4
570 5
571 5
571 4
571 3
571 2
571 1
570 1
570 0
571 0
572 0
573 0
573 1
574 1
574 0
575 0
576 0
576 1
577 1
577 2
577 3
576 3
576 4
577 4
578 4
578 5
577 5
576 5
576 6
576 7
576 8
575 8
575 7
574 7
574 6
575 6
575 5
575 4
575 3
575 2
574 2
573 2
573 3
572 3
572 4
572 5
572 6
571 6
570 6
570 7
570 8
569 8
568 8
568 9
568 10
567 10
567 11
567 12
566 12
566 11
566 10
565 10
564 10
563 10
563 9
564 9
565 9
565 8
565 7
564 7
564 6
563 6
562 6
562 7
561 7
561 6
560 6
560 7
559 7
558 7
558 8
557 8
557 9
558 9
558 10
558 11
559 11
560 11
561 11
561 10
560 10
560 9
560 8
561 8
561 9
562 9
562 10
562 11
562 12
561 12
561 13
562 13
563 13
563 14
564 14
564 13
565 13
566 13
566 14
567 14
567 15
566 15
566 16
565 16
565 15
564 15
563 15
563 16
564 16
564 17
563 17
562 17
562 18
561 18
561 19
561 20
561 21
560 21
560 22
560 23
561 23
562 23
563 23
563 22
564 22
564 21
564 20
564 19
563 19
563 18
564 18
565 18
565 19
565 20
565 21
566 21
566 20
566 19
566 18
566 17
567 17
568 17
569 17
569 16
570 16
570 15
569 15
569 14
569 13
570 13
571 13
571 14
571 15
571 16
571 17
570 17
570 18
569 18
568 18
568 19
569 19
569 20
570 20
570 21
570 22
570 23
571 23
572 23
573 23
573 22
572 22
571 22
571 21
571 20
571 19
572 19
572 20
572 21
573 21
574 21
575 21
575 20
575 19
574 19
574 20
573 20
573 19
573 18
573 17
573 16
572 16
572 15
572 14
572 13
573 13
574 13
574 12
575 12
575 11
576 11
577 11
578 11
578 12
579 12
579 13
579 14
579 15
579 16
580 16
580 15
580 14
580 13
581 13
581 12
581 11
582 11
582 12
582 13
582 14
581 14
581 15
582 15
582 16
582 17
581 17
580 17
579 17
578 17
578 16
578 15
577 15
577 14
577 13
576 13
576 14
576 15
575 15
574 15
574 16
574 17
574 18
575 18
576 18
576 19
577 19
578 19
578 20
578 21
577 21
577 22
577 23
578 23
578 24
577 24
576 24
576 23
575 23
575 22
574 22
574 23
574 24
574 25
575 25
576 25
576 26
575 26
574 26
574 27
574 28
575 28
575 27
576 27
577 27
577 26
577 25
578 25
579 25
580 25
581 25
581 24
581 23
582 23
582 24
583 24
583 25
584 25
585 25
586 25
586 26
587 26
588 26
589 26
590 26
590 25
591 25
592 25
593 25
593 26
594 26
594 25
594 24
594 23
593 23
593 22
594 22
595 22
596 22
596 23
597 23
598 23
598 22
599 22
599 23
600 23
600 24
600 25
600 26
601 26
601 25
601 24
602 24
602 23
603 23
604 23
605 23
606 23
607 23
607 24
607 25
607 26
608 26
608 27
609 27
610 27
610 26
611 26
611 27
612 27
612 28
612 29
613 29
614 29
614 30
615 30
615 31
615 32
614 32
614 33
615 33
615 34
616 34
617 34
617 33
618 33
618 34
619 34
620 34
621 34
621 33
620 33
619 33
619 32
619 31
619 30
620 30
620 29
619 29
619 28
618 28
618 27
617 27
617 26
616 26
616 27
616 28
616 29
615 29
615 28
614 28
614 27
615 27
615 26
614 26
613 26
613 25
614 25
614 24
613 24
613 23
614 23
614 22
615 22
615 21
614 21
613 21
613 20
612 20
611 20
611 19
610 19
610 20
610 21
611 21
611 22
610 22
610 23
609 23
609 24
609 25
608 25
608 24
608 23
608 22
608 21
609 21
609 20
608 20
608 19
609 19
609 18
610 18
610 17
610 16
609 16
608 16
607 16
607 15
608 15
609 15
610 15
610 14
609 14
609 13
608 13
607 13
607 14
606 14
605 14
605 15
606 15
606 16
605 16
605 17
606 17
607 17
608 17
608 18
607 18
607 19
607 20
606 20
605 20
605 19
605 18
604 18
604 17
604 16
604 15
604 14
604 13
605 13
606 13
606 12
606 11
607 11
608 11
608 12
609 12
610 12
611 12
611 13
612 13
613 13
614 13
614 12
614 11
614 10
615 10
615 11
616 11
617 11
617 10
616 10
616 9
617 9
617 8
616 8
615 8
615 9
614 9
613 9
613 10
612 10
611 10
611 9
612 9
612 8
611 8
610 8
609 8
609 7
609 6
610 6
611 6
612 6
612 7
613 7
614 7
614 6
614 5
615 5
616 5
616 4
615 4
615 3
614 3
614 2
614 1
614 0
615 0
615 1
616 1
617 1
617 0
618 0
618 1
618 2
617 2
617 3
618 3
619 3
619 4
619 5
619 6
620 6
620 7
621 7
621 8
620 8
619 8
618 8
618 9
619 9
619 10
620 10
621 10
622 10
622 11
623 11
623 10
623 9
624 9
624 10
624 11
625 11
626 11
626 12
626 13
626 14
625 14
625 13
624 13
624 12
623 12
623 13
623 14
624 14
624 15
624 16
625 16
626 16
626 17
627 17
627 16
628 16
628 17
629 17
629 18
628 18
628 19
629 19
629 20
629 21
630 21
630 22
630 23
631 23
631 24
632 24
632 23
633 23
634 23
634 24
634 25
633 25
632 25
631 25
630 25
629 25
629 24
629 23
628 23
628 22
628 21
627 21
627 20
627 19
626 19
626 18
625 18
625 17
624 17
623 17
622 17
622 16
621 16
620 16
620 17
621 17
621 18
621 19
621 20
622 20
623 20
623 21
624 21
625 21
626 21
626 22
626 23
626 24
627 24
627 25
626 25
625 25
625 26
624 26
624 27
624 28
623 28
622 28
622 27
622 26
623 26
623 25
623 24
623 23
622 23
621 23
621 22
621 21
620 21
620 20
620 19
619 19
619 18
618 18
618 17
617 17
616 17
616 18
615 18
615 17
615 16
615 15
614 15
613 15
613 14
612 14
611 14
611 15
611 16
612 16
613 16
614 16
614 17
613 17
612 17
611 17
611 18
612 18
613 18
613 19
614 19
615 19
615 20
616 20
617 20
618 20
618 21
619 21
619 22
619 23
618 23
618 22
617 22
616 22
616 23
616 24
617 24
618 24
618 25
618 26
619 26
619 27
620 27
620 28
621 28
621 29
622 29
623 29
624 29
624 30
625 30
626 30
626 31
627 31
628 31
628 32
628 33
628 34
629 34
629 33
630 33
630 32
629 32
629 31
630 31
631 31
632 31
633 31
633 32
634 32
634 31
635 31
635 30
636 30
636 31
636 32
637 32
637 33
636 33
635 33
634 33
634 34
635 34
636 34
637 34
638 34
639 34
639 33
639 32
640 32
641 32
641 31
642 31
643 31
643 30
643 29
644 29
644 30
645 30
645 29
645 28
645 27
646 27
646 28
647 28
648 28
648 29
647 29
646 29
646 30
646 31
646 32
647 32
647 31
647 30
648 30
648 31
649 31
650 31
651 31
652 31
652 30
651 30
651 29
651 28
650 28
650 27
650 26
649 26
649 27
648 27
647 27
647 26
648 26
648 25
648 24
647 24
646 24
645 24
645 25
645 26
644 26
644 25
644 24
644 23
643 23
642 23
642 24
643 24
643 25
643 26
642 26
642 25
641 25
640 25
640 24
641 24
641 23
640 23
639 23
639 22
640 22
641 22
642 22
643 22
644 22
644 21
645 21
645 20
646 20
647 20
647 21
648 21
649 21
650 21
650 22
651 22
652 22
653 22
653 23
652 23
652 24
653 24
653 25
652 25
651 25
651 26
652 26
653 26
653 27
654 27
654 26
654 25
654 24
654 23
654 22
655 22
655 21
656 21
656 22
656 23
657 23
658 23
658 24
659 24
660 24
661 24
661 23
661 22
662 22
662 21
662 20
661 20
661 19
662 19
663 19
663 20
664 20
665 20
666 20
667 20
667 19
667 18
668 18
668 17
668 16
669 16
669 17
669 18
669 19
670 19
670 18
671 18
671 19
671 20
672 20
672 19
672 18
672 17
672 16
672 15
673 15
673 16
674 16
674 15
675 15
675 14
675 13
674 13
673 13
673 14
672 14
671 14
670 14
669 14
669 15
668 15
667 15
667 16
666 16
666 17
665 17
665 16
665 15
665 14
664 14
664 13
665 13
665 12
665 11
665 10
666 10
666 9
665 9
664 9
664 10
663 10
662 10
661 10
661 9
660 9
660 10
660 11
659 11
658 11
658 10
658 9
658 8
659 8
659 7
660 7
660 8
661 8
662 8
663 8
663 7
662 7
661 7
661 6
660 6
660 5
659 5
659 6
658 6
658 5
658 4
659 4
659 3
660 3
660 2
659 2
658 2
658 1
659 1
660 1
661 1
662 1
662 2
663 2
663 1
664 1
664 0
665 0
666 0
667 0
667 1
666 1
666 2
667 2
668 2
669 2
669 3
668 3
668 4
669 4
669 5
668 5
667 5
667 4
667 3
666 3
665 3
665 4
666 4
666 5
665 5
665 6
666 6
667 6
667 7
668 7
668 8
669 8
670 8
670 7
670 6
670 5
670 4
671 4
672 4
672 3
673 3
673 4
674 4
675 4
675 3
674 3
674 2
673 2
673 1
674 1
675 1
675 2
676 2
677 2
678 2
678 3
678 4
678 5
679 5
679 6
679 7
679 8
680 8
680 9
680 10
679 10
679 11
680 11
680 12
679 12
678 12
678 13
679 13
679 14
678 14
678 15
677 15
676 15
676 16
677 16
677 17
678 17
679 17
679 18
678 18
678 19
678 20
679 20
680 20
680 21
681 21
681 22
681 23
680 23
680 24
679 24
678 24
678 23
679 23
679 22
679 21
678 21
678 22
677 22
676 22
675 22
675 21
676 21
677 21
677 20
677 19
676 19
676 18
676 17
675 17
675 18
675 19
675 20
674 20
674 21
673 21
672 21
671 21
671 22
672 22
672 23
673 23
674 23
675 23
675 24
675 25
676 25
676 26
677 26
677 25
678 25
678 26
679 26
679 25
680 25
681 25
682 25
683 25
684 25
684 24
683 24
682 24
682 23
683 23
684 23
685 23
685 22
685 21
686 21
686 22
687 22
687 23
686 23
686 24
685 24
685 25
686 25
686 26
686 27
685 27
685 28
685 29
684 29
684 30
684 31
684 32
685 32
686 32
686 31
685 31
685 30
686 30
686 29
687 29
687 28
687 27
688 27
688 26
688 25
687 25
687 24
688 24
688 23
689 23
689 22
688 22
688 21
689 21
690 21
690 22
690 23
691 23
691 22
691 21
691 20
692 20
692 19
691 19
690 19
690 18
689 18
689 17
690 17
691 17
691 18
692 18
692 17
693 17
693 16
693 15
692 15
692 14
693 14
694 14
694 15
695 15
696 15
697 15
698 15
699 15
700 15
700 14
701 14
702 14
702 15
703 15
703 16
704 16
704 15
705 15
705 16
705 17
705 18
705 19
704 19
703 19
702 19
701 19
701 20
701 21
702 21
702 20
703 20
703 21
703 22
702 22
701 22
700 22
699 22
698 22
698 23
698 24
697 24
696 24
696 25
695 25
695 24
694 24
694 23
693 23
693 22
694 22
694 21
695 21
696 21
696 22
697 22
697 21
697 20
698 20
698 21
699 21
699 20
699 19
699 18
699 17
699 16
698 16
697 16
697 17
698 17
698 18
697 18
696 18
696 19
695 19
695 20
694 20
694 19
693 19
693 20
693 21
692 21
692 22
692 23
692 24
692 25
692 26
693 26
694 26
694 27
694 28
694 29
694 30
693 30
692 30
691 30
691 31
690 31
690 30
689 30
688 30
688 31
688 32
688 33
687 33
686 33
685 33
685 34
686 34
687 34
688 34
689 34
689 33
690 33
691 33
691 34
692 34
693 34
693 33
693 32
692 32
692 31
693 31
694 31
694 32
694 33
694 34
695 34
695 33
696 33
696 32
695 32
695 31
696 31
697 31
697 30
698 30
698 29
697 29
697 28
697 27
696 27
696 26
697 26
697 25
698 25
698 26
699 26
699 25
699 24
700 24
700 23
701 23
701 24
701 25
700 25
700 26
701 26
702 26
703 26
703 27
703 28
703 29
704 29
704 30
703 30
703 31
703 32
704 32
704 33
704 34
705 34
706 34
707 34
708 34
708 33
709 33
710 33
710 32
709 32
708 32
708 31
708 30
707 30
707 31
707 32
706 32
706 31
706 30
705 30
705 29
706 29
706 28
707 28
707 27
707 26
708 26
708 27
709 27
709 26
710 26
710 27
711 27
711 28
712 28
712 27
713 27
713 26
713 25
714 25
714 24
714 23
713 23
713 22
712 22
712 21
711 21
711 22
711 23
710 23
710 24
710 25
709 25
709 24
709 23
708 23
708 22
707 22
707 21
708 21
708 20
709 20
709 19
708 19
708 18
708 17
708 16
709 16
709 15
709 14
709 13
709 12
708 12
708 11
707 11
706 11
706 10
707 10
708 10
708 9
709 9
709 10
710 10
711 10
711 11
710 11
710 12
710 13
710 14
711 14
712 14
712 15
712 16
713 16
713 15
714 15
714 14
713 14
713 13
713 12
712 12
712 11
713 11
713 10
714 10
715 10
715 9
714 9
713 9
713 8
713 7
713 6
713 5
714 5
714 4
715 4
715 3
716 3
716 4
717 4
718 4
719 4
719 3
720 3
720 2
720 1
721 1
722 1
722 2
722 3
723 3
724 3
724 2
723 2
723 1
723 0
724 0
724 1
725 1
725 2
726 2
727 2
727 1
727 0
728 0
728 1
728 2
729 2
730 2
731 2
731 1
731 0
732 0
733 0
734 0
735 0
736 0
736 1
735 1
734 1
733 1
733 2
732 2
732 3
731 3
730 3
729 3
729 4
729 5
730 5
730 6
730 7
729 7
728 7
727 7
727 6
726 6
726 5
725 5
725 4
724 4
724 5
723 5
723 6
723 7
722 7
722 8
723 8
724 8
724 9
724 10
724 11
725 11
726 11
726 10
725 10
725 9
725 8
725 7
726 7
726 8
726 9
727 9
728 9
728 10
727 10
727 11
728 11
728 12
728 13
729 13
730 13
730 12
730 11
730 10
730 9
731 9
731 10
731 11
731 12
731 13
732 13
732 14
733 14
733 13
734 13
734 12
735 12
735 13
735 14
734 14
734 15
735 15
736 15
737 15
738 15
738 14
738 13
739 13
739 12
740 12
740 13
741 13
741 14
740 14
740 15
741 15
742 15
742 16
743 16
743 15
743 14
743 13
743 12
744 12
744 13
745 13
745 14
746 14
747 14
748 14
749 14
749 13
749 12
750 12
750 11
750 10
750 9
749 9
749 8
749 7
748 7
747 7
746 7
746 6
745 6
745 7
744 7
744 8
745 8
746 8
747 8
747 9
747 10
747 11
747 12
748 12
748 13
747 13
746 13
746 12
745 12
745 11
745 10
745 9
744 9
744 10
743 10
743 9
742 9
742 10
741 10
741 9
741 8
742 8
742 7
743 7
743 6
744 6
744 5
743 5
743 4
744 4
745 4
746 4
746 5
747 5
747 4
748 4
749 4
750 4
751 4
751 3
751 2
751 1
752 1
753 1
753 2
753 3
752 3
752 4
752 5
751 5
750 5
749 5
748 5
748 6
749 6
750 6
750 7
750 8
751 8
751 9
751 10
751 11
751 12
752 12
752 13
752 14
752 15
753 15
753 14
754 14
754 15
754 16
754 17
755 17
755 18
755 19
754 19
753 19
753 20
753 21
752 21
752 22
751 22
751 23
750 23
749 23
748 23
747 23
747 22
748 22
748 21
747 21
747 20
746 20
745 20
745 19
744 19
743 19
742 19
742 20
743 20
744 20
744 21
745 21
745 22
745 23
745 24
745 25
744 25
743 25
743 24
744 24
744 23
744 22
743 22
743 21
742 21
741 21
741 22
741 23
742 23
742 24
742 25
741 25
741 26
742 26
743 26
744 26
745 26
745 27
745 28
746 28
746 29
747 29
747 30
747 31
748 31
748 32
749 32
749 33
748 33
748 34
749 34
750 34
751 34
752 34
753 34
753 33
754 33
755 33
756 33
756 34
757 34
757 33
758 33
758 34
759 34
760 34
760 33
761 33
762 33
762 34
763 34
763 33
764 33
765 33
765 34
766 34
766 33
766 32
765 32
765 31
765 30
766 30
766 29
767 29
767 28
766 28
765 28
765 27
764 27
764 26
764 25
763 25
762 25
761 25
761 26
762 26
763 26
763 27
762 27
761 27
760 27
760 26
760 25
760 24
761 24
762 24
762 23
762 22
763 22
764 22
765 22
765 21
765 20
765 19
765 18
766 18
767 18
767 17
766 17
766 16
765 16
765 15
766 15
766 14
765 14
765 13
764 13
763 13
763 14
762 14
761 14
760 14
759 14
758 14
757 14
756 14
756 13
756 12
755 12
755 13
754 13
753 13
753 12
753 11
754 11
754 10
754 9
753 9
753 10
752 10
752 9
752 8
752 7
753 7
753 6
754 6
754 7
754 8
755 8
755 7
756 7
757 7
757 6
756 6
756 5
756 4
757 4
757 5
758 5
759 5
759 4
760 4
760 5
760 6
760 7
761 7
762 7
762 8
762 9
761 9
761 8
760 8
759 8
759 7
759 6
758 6
758 7
758 8
757 8
757 9
758 9
759 9
760 9
760 10
759 10
759 11
760 11
760 12
761 12
761 13
762 13
762 12
762 11
762 10
763 10
764 10
765 10
766 10
766 11
767 11
767 10
768 10
769 10
769 11
770 11
771 11
772 11
772 10
771 10
771 9
770 9
770 8
770 7
770 6
771 6
771 5
770 5
769 5
769 6
769 7
769 8
769 9
768 9
767 9
767 8
767 7
768 7
768 6
768 5
768 4
768 3
769 3
769 4
770 4
771 4
772 4
772 5
772 6
772 7
773 7
773 6
773 5
773 4
774 4
774 5
775 5
775 4
776 4
777 4
778 4
778 5
779 5
779 6
780 6
780 5
780 4
781 4
781 5
781 6
781 7
781 8
780 8
779 8
779 9
778 9
777 9
777 10
776 10
776 11
777 11
778 11
779 11
780 11
780 12
780 13
779 13
779 14
779 15
778 15
778 16
777 16
777 15
777 14
778 14
778 13
777 13
776 13
775 13
774 13
774 14
775 14
776 14
776 15
776 16
775 16
775 15
774 15
773 15
773 14
772 14
772 13
771 13
770 13
769 13
768 13
767 13
767 14
768 14
768 15
767 15
767 16
768 16
769 16
769 15
770 15
770 14
771 14
771 15
771 16
772 16
773 16
773 17
772 17
772 18
771 18
771 19
770 19
770 18
769 18
769 17
768 17
768 18
768 19
769 19
769 20
770 20
771 20
772 20
772 19
773 19
773 20
774 20
774 21
775 21
775 20
776 20
776 21
777 21
778 21
778 20
778 19
779 19
780 19
780 20
781 20
782 20
783 20
784 20
784 19
785 19
785 20
785 21
785 22
786 22
786 23
786 24
787 24
788 24
788 25
789 25
789 24
790 24
791 24
791 25
790 25
790 26
791 26
791 27
791 28
790 28
790 27
789 27
789 28
788 28
788 27
787 27
786 27
786 28
787 28
787 29
787 30
787 31
787 32
786 32
786 33
785 33
785 34
786 34
787 34
788 34
788 33
788 32
788 31
788 30
789 30
790 30
790 31
789 31
789 32
789 33
790 33
791 33
791 34
792 34
793 34
793 33
794 33
794 32
794 31
794 30
794 29
794 28
793 28
793 27
794 27
795 27
795 28
796 28
796 27
796 26
795 26
795 25
794 25
794 26
793 26
793 25
793 24
793 23
794 23
794 24
795 24
796 24
796 23
797 23
797 22
797 21
797 20
797 19
798 19
798 20
799 20
800 20
800 19
801 19
801 20
801 21
801 22
801 23
802 23
802 24
801 24
801 25
800 25
799 25
799 26
798 26
797 26
797 27
798 27
799 27
799 28
798 28
798 29
798 30
798 31
797 31
797 32
798 32
799 32
799 33
799 34
800 34
801 34
802 34
802 33
801 33
801 32
802 32
803 32
803 33
804 33
804 34
805 34
805 33
805 32
805 31
805 30
805 29
804 29
803 29
803 30
802 30
802 29
802 28
803 28
804 28
805 28
806 28
807 28
807 27
806 27
806 26
806 25
806 24
805 24
804 24
804 25
803 25
803 24
803 23
803 22
802 22
802 21
803 21
803 20
803 19
802 19
802 18
802 17
803 17
804 17
804 16
804 15
803 15
803 14
802 14
801 14
801 13
801 12
800 12
799 12
799 11
799 10
799 9
798 9
798 10
798 11
797 11
797 10
797 9
797 8
798 8
799 8
799 7
800 7
801 7
802 7
802 6
802 5
803 5
803 6
804 6
805 6
805 7
805 8
805 9
805 10
805 11
806 11
806 12
806 13
805 13
805 14
805 15
805 16
806 16
806 17
805 17
805 18
805 19
805 20
805 21
804 21
804 22
804 23
805 23
805 22
806 22
806 21
806 20
806 19
807 19
807 18
808 18
809 18
810 18
810 19
809 19
809 20
808 20
808 21
807 21
807 22
807 23
808 23
809 23
809 24
810 24
811 24
811 25
810 25
810 26
810 27
810 28
809 28
809 27
809 26
808 26
808 27
808 28
808 29
809 29
809 30
809 31
810 31
810 32
809 32
809 33
809 34
810 34
811 34
811 33
811 32
811 31
812 31
812 30
811 30
811 29
812 29
812 28
813 28
814 28
814 27
813 27
813 26
813 25
813 24
812 24
812 23
812 22
811 22
811 23
810 23
810 22
810 21
810 20
811 20
812 20
812 21
813 21
813 22
814 22
814 21
815 21
816 21
816 20
816 19
816 18
815 18
814 18
814 19
814 20
813 20
813 19
813 18
813 17
812 17
812 16
813 16
813 15
813 14
814 14
815 14
815 15
816 15
817 15
817 14
816 14
816 13
815 13
814 13
814 12
813 12
813 11
813 10
814 10
815 10
815 11
816 11
817 11
817 10
817 9
816 9
816 8
816 7
816 6
816 5
816 4
815 4
815 5
815 6
815 7
815 8
815 9
814 9
813 9
812 9
812 8
812 7
811 7
811 6
811 5
810 5
809 5
808 5
808 6
807 6
807 7
806 7
806 6
806 5
807 5
807 4
807 3
808 3
809 3
809 2
808 2
807 2
806 2
806 1
806 0
807 0
807 1
808 1
809 1
809 0
810 0
810 1
811 1
812 1
813 1
813 0
814 0
814 1
814 2
813 2
812 2
811 2
811 3
811 4
812 4
812 5
813 5
814 5
814 4
813 4
813 3
814 3
815 3
815 2
816 2
816 1
816 0
817 0
817 1
817 2
817 3
818 3
819 3
820 3
821 3
821 2
821 1
821 0
822 0
822 1
822 2
823 2
824 2
824 1
823 1
823 0
824 0
825 0
825 1
826 1
826 0
827 0
828 0
828 1
827 1
827 2
826 2
826 3
825 3
825 4
826 4
826 5
826 6
827 6
827 7
827 8
827 9
828 9
829 9
829 8
830 8
830 7
831 7
831 8
831 9
831 10
830 10
830 11
830 12
829 12
829 13
828 13
828 12
828 11
829 11
829 10
828 10
827 10
826 10
826 9
825 9
825 8
826 8
826 7
825 7
824 7
823 7
822 7
821 7
821 8
822 8
823 8
823 9
823 10
824 10
825 10
825 11
825 12
825 13
825 14
825 15
826 15
826 16
827 16
828 16
828 15
827 15
827 14
828 14
829 14
830 14
830 15
831 15
832 15
833 15
833 16
834 16
835 16
836 16
836 15
836 14
837 14
838 14
838 15
839 15
839 16
840 16
841 16
841 17
841 18
840 18
840 19
839 19
839 18
838 18
838 19
837 19
837 20
836 20
836 19
836 18
836 17
835 17
834 17
834 18
833 18
833 17
832 17
832 18
832 19
832 20
833 20
833 19
834 19
835 19
835 20
835 21
834 21
834 22
835 22
836 22
837 22
837 21
838 21
838 22
838 23
837 23
836 23
836 24
837 24
838 24
838 25
839 25
839 24
840 24
840 25
840 26
839 26
839 27
840 27
841 27
842 27
842 26
842 25
843 25
843 26
843 27
843 28
842 28
841 28
841 29
841 30
842 30
842 29
843 29
844 29
844 28
844 27
845 27
845 28
846 28
846 27
847 27
847 28
848 28
848 29
847 29
846 29
845 29
845 30
845 31
846 31
846 32
845 32
844 32
843 32
843 33
844 33
844 34
845 34
846 34
847 34
848 34
848 33
847 33
847 32
847 31
848 31
849 31
849 30
850 30
850 31
851 31
851 30
851 29
852 29
852 30
853 30
853 29
854 29
854 30
854 31
853 31
852 31
852 32
851 32
851 33
852 33
852 34
853 34
854 34
854 33
854 32
855 32
855 33
855 34
856 34
856 33
856 32
856 31
857 31
857 30
858 30
858 29
857 29
857 28
857 27
856 27
856 26
856 25
856 24
856 23
855 23
855 22
856 22
857 22
857 21
857 20
858 20
858 19
859 19
859 18
858 18
857 18
857 17
857 16
857 15
856 15
856 14
855 14
854 14
854 15
854 16
855 16
856 16
856 17
856 18
856 19
855 19
855 20
855 21
854 21
853 21
853 20
854 20
854 19
854 18
854 17
853 17
852 17
852 16
851 16
850 16
850 15
849 15
849 14
850 14
850 13
850 12
849 12
849 11
849 10
848 10
848 11
848 12
848 13
847 13
846 13
846 14
845 14
845 15
846 15
847 15
847 16
846 16
845 16
845 17
845 18
845 19
845 20
846 20
846 19
846 18
846 17
847 17
847 18
847 19
848 19
849 19
849 18
849 17
850 17
850 18
850 19
850 20
850 21
849 21
849 22
848 22
847 22
847 23
847 24
847 25
847 26
846 26
846 25
845 25
845 26
844 26
844 25
844 24
844 23
845 23
846 23
846 22
846 21
845 21
844 21
843 21
842 21
842 22
843 22
843 23
843 24
842 24
842 23
841 23
840 23
840 22
841 22
841 21
841 20
841 19
842 19
842 18
842 17
843 17
844 17
844 16
844 15
843 15
842 15
842 14
842 13
841 13
841 12
842 12
843 12
843 13
843 14
844 14
844 13
844 12
844 11
844 10
843 10
843 9
843 8
844 8
845 8
845 7
845 6
844 6
844 7
843 7
843 6
843 5
842 5
842 6
841 6
841 7
840 7
839 7
839 6
840 6
840 5
840 4
839 4
839 3
838 3
838 4
837 4
837 5
837 6
837 7
836 7
835 7
834 7
834 8
835 8
836 8
837 8
837 9
837 10
837 11
838 11
839 11
839 12
838 12
838 13
837 13
837 12
836 12
835 12
834 12
834 11
834 10
833 10
833 9
833 8
832 8
832 7
833 7
833 6
834 6
835 6
836 6
836 5
836 4
835 4
834 4
834 5
833 5
833 4
833 3
832 3
832 4
832 5
832 6
831 6
830 6
829 6
829 5
830 5
831 5
831 4
831 3
831 2
831 1
831 0
832 0
832 1
832 2
833 2
833 1
834 1
834 2
835 2
835 3
836 3
837 3
837 2
836 2
836 1
837 1
838 1
838 2
839 2
840 2
841 2
841 1
840 1
840 0
841 0
842 0
843 0
843 1
842 1
842 2
843 2
844 2
844 1
844 0
845 0
845 1
845 2
845 3
844 3
844 4
845 4
846 4
846 5
846 6
846 7
847 7
847 6
847 5
848 5
849 5
849 4
848 4
847 4
847 3
846 3
846 2
846 1
846 0
847 0
847 1
847 2
848 2
849 2
850 2
851 2
851 3
850 3
850 4
851 4
851 5
850 5
850 6
851 6
852 6
852 7
852 8
851 8
850 8
849 8
849 9
850 9
850 10
850 11
851 11
852 11
852 10
853 10
853 9
854 9
855 9
856 9
857 9
858 9
859 9
859 8
858 8
857 8
857 7
858 7
859 7
859 6
858 6
858 5
857 5
857 4
856 4
856 5
856 6
855 6
854 6
854 7
853 7
853 6
853 5
852 5
852 4
853 4
853 3
852 3
852 2
852 1
852 0
853 0
854 0
855 0
855 1
854 1
854 2
855 2
855 3
856 3
856 2
856 1
856 0
857 0
857 1
857 2
858 2
859 2
859 3
858 3
858 4
859 4
860 4
860 3
860 2
860 1
861 1
861 2
861 3
862 3
863 3
863 4
864 4
864 5
864 6
865 6
865 5
866 5
866 6
866 7
866 8
867 8
867 7
867 6
868 6
868 7
868 8
869 8
869 7
869 6
870 6
870 7
871 7
871 8
870 8
870 9
871 9
871 10
871 11
871 12
871 13
872 13
872 14
872 15
873 15
874 15
874 16
875 16
875 15
875 14
874 14
874 13
873 13
873 12
872 12
872 11
872 10
872 9
872 8
872 7
873 7
873 6
873 5
873 4
874 4
875 4
875 5
876 5
876 4
876 3
877 3
877 2
878 2
878 3
878 4
877 4
877 5
877 6
878 6
879 6
879 5
880 5
880 6
881 6
881 7
881 8
880 8
880 7
879 7
878 7
877 7
876 7
876 6
875 6
874 6
874 7
874 8
875 8
875 9
875 10
876 10
876 11
875 11
874 11
874 12
875 12
875 13
876 13
877 13
877 12
877 11
877 10
878 10
878 11
878 12
879 12
879 11
879 10
880 10
880 9
881 9
881 10
882 10
883 10
883 9
882 9
882 8
882 7
883 7
883 6
883 5
884 5
885 5
886 5
886 4
885 4
885 3
884 3
884 2
885 2
885 1
886 1
886 2
886 3
887 3
887 4
887 5
888 5
888 4
888 3
888 2
888 1
887 1
887 0
888 0
889 0
890 0
891 0
892 0
893 0
893 1
894 1
895 1
895 0
896 0
896 1
896 2
897 2
897 1
897 0
898 0
899 0
899 1
899 2
900 2
901 2
902 2
903 2
904 2
904 3
903 3
903 4
904 4
904 5
904 6
905 6
906 6
906 5
907 5
907 6
907 7
908 7
908 8
907 8
907 9
908 9
908 10
907 10
906 10
905 10
905 11
906 11
907 11
908 11
909 11
909 10
909 9
909 8
910 8
910 7
910 6
910 5
910 4
910 3
911 3
912 3
912 4
913 4
913 3
914 3
914 4
914 5
913 5
913 6
913 7
913 8
914 8
915 8
915 9
916 9
917 9
918 9
918 8
918 7
919 7
920 7
920 6
919 6
919 5
920 5
921 5
921 4
922 4
922 3
922 2
923 2
924 2
924 3
923 3
923 4
924 4
925 4
925 3
926 3
926 2
927 2
928 2
928 3
927 3
927 4
926 4
926 5
926 6
926 7
926 8
926 9
926 10
927 10
927 9
928 9
928 10
928 11
928 12
928 13
929 13
930 13
930 12
929 12
929 11
929 10
929 9
930 9
931 9
932 9
932 8
933 8
933 9
934 9
934 10
933 10
932 10
932 11
931 11
931 12
931 13
931 14
932 14
932 13
932 12
933 12
934 12
934 11
935 11
935 10
935 9
935 8
936 8
936 9
936 10
937 10
937 11
938 11
939 11
939 10
938 10
938 9
939 9
940 9
941 9
941 8
942 8
942 7
942 6
943 6
943 5
942 5
942 4
943 4
943 3
944 3
945 3
946 3
947 3
948 3
948 4
948 5
949 5
949 4
949 3
949 2
949 1
950 1
950 0
951 0
951 1
952 1
953 1
953 2
954 2
955 2
955 1
955 0
956 0
957 0
957 1
957 2
958 2
958 3
959 3
960 3
961 3
961 2
961 1
961 0
962 0
963 0
964 0
964 1
964 2
965 2
966 2
966 3
965 3
965 4
964 4
964 3
963 3
962 3
962 4
963 4
963 5
963 6
962 6
962 7
963 7
963 8
962 8
961 8
961 9
961 10
961 11
961 12
962 12
962 11
963 11
963 10
963 9
964 9
964 8
964 7
964 6
964 5
965 5
965 6
966 6
967 6
967 5
967 4
967 3
967 2
967 1
968 1
968 0
969 0
970 0
971 0
971 1
972 1
972 0
973 0
974 0
974 1
975 1
975 0
976 0
977 0
977 1
977 2
977 3
978 3
979 3
980 3
980 2
979 2
978 2
978 1
978 0
979 0
979 1
980 1
981 1
981 2
981 3
981 4
981 5
982 5
982 6
982 7
981 7
980 7
979 7
979 6
979 5
978 5
978 4
977 4
976 4
975 4
974 4
974 3
975 3
976 3
976 2
975 2
974 2
973 2
972 2
972 3
973 3
973 4
973 5
974 5
975 5
976 5
976 6
977 6
978 6
978 7
978 8
978 9
979 9
980 9
980 10
981 10
981 9
982 9
983 9
984 9
985 9
986 9
986 10
987 10
988 10
988 9
989 9
989 10
990 10
991 10
991 9
992 9
992 10
992 11
993 11
993 12
993 13
993 14
993 15
994 15
995 15
996 15
996 16
995 16
995 17
996 17
996 18
995 18
994 18
993 18
992 18
991 18
991 17
990 17
990 18
990 19
991 19
992 19
993 19
993 20
993 21
993 22
992 22
992 23
993 23
993 24
992 24
991 24
990 24
990 25
989 25
989 26
988 26
988 25
987 25
987 24
987 23
988 23
988 22
989 22
989 21
988 21
987 21
987 20
986 20
986 19
986 18
985 18
985 17
986 17
987 17
988 17
988 16
989 16
990 16
991 16
992 16
992 15
992 14
991 14
990 14
990 15
989 15
989 14
989 13
989 12
990 12
990 13
991 13
992 13
992 12
991 12
991 11
990 11
989 11
988 11
988 12
987 12
987 13
986 13
986 12
986 11
985 11
985 12
984 12
983 12
983 13
983 14
982 14
982 13
981 13
981 14
981 15
982 15
983 15
983 16
982 16
981 16
980 16
980 17
981 17
982 17
982 18
981 18
980 18
980 19
980 20
981 20
981 19
982 19
983 19
984 19
984 20
983 20
983 21
983 22
982 22
981 22
981 21
980 21
980 22
980 23
980 24
980 25
979 25
979 24
978 24
978 25
977 25
977 26
978 26
978 27
977 27
977 28
978 28
979 28
979 27
980 27
980 28
981 28
981 29
980 29
979 29
978 29
977 29
976 29
976 28
976 27
975 27
975 28
974 28
973 28
973 27
974 27
974 26
975 26
976 26
976 25
975 25
974 25
973 25
973 24
974 24
975 24
975 23
975 22
975 21
975 20
976 20
976 21
976 22
977 22
977 21
977 20
978 20
978 21
978 22
979 22
979 21
979 20
979 19
978 19
977 19
977 18
978 18
978 17
978 16
977 16
977 15
976 15
976 14
977 14
977 13
977 12
977 11
977 10
977 9
977 8
976 8
975 8
975 7
975 6
974 6
973 6
972 6
971 6
970 6
970 7
969 7
969 6
968 6
968 7
967 7
966 7
966 8
967 8
968 8
968 9
967 9
967 10
967 11
968 11
968 12
969 12
969 13
968 13
967 13
966 13
966 12
965 12
965 11
965 10
964 10
964 11
964 12
963 12
963 13
964 13
965 13
965 14
965 15
966 15
967 15
968 15
968 14
969 14
969 15
970 15
971 15
971 16
970 16
970 17
971 17
971 18
972 18
972 19
971 19
970 19
970 20
969 20
968 20
967 20
967 19
966 19
966 18
967 18
968 18
968 19
969 19
969 18
969 17
969 16
968 16
968 17
967 17
967 16
966 16
966 17
965 17
964 17
964 16
963 16
962 16
962 15
962 14
962 13
961 13
961 14
960 14
959 14
959 13
959 12
958 12
957 12
957 13
956 13
956 14
955 14
955 13
954 13
954 12
954 11
953 11
952 11
951 11
951 10
951 9
951 8
950 8
950 9
949 9
949 10
949 11
949 12
949 13
948 13
948 14
947 14
946 14
946 13
947 13
947 12
947 11
948 11
948 10
947 10
947 9
947 8
948 8
949 8
949 7
949 6
948 6
948 7
947 7
946 7
946 6
946 5
946 4
945 4
944 4
944 5
945 5
945 6
945 7
944 7
943 7
943 8
943 9
943 10
944 10
944 9
944 8
945 8
946 8
946 9
946 10
946 11
945 11
945 12
944 12
944 13
944 14
945 14
945 15
945 16
945 17
946 17
947 17
947 18
948 18
949 18
949 19
950 19
951 19
951 18
950 18
950 17
949 17
949 16
950 16
950 15
950 14
951 14
952 14
953 14
953 15
954 15
955 15
955 16
956 16
956 15
957 15
957 16
958 16
958 15
959 15
959 16
960 16
960 15
961 15
961 16
961 17
962 17
962 18
961 18
961 19
962 19
963 19
964 19
964 20
963 20
962 20
962 21
963 21
964 21
965 21
965 20
966 20
966 21
967 21
968 21
968 22
967 22
967 23
966 23
966 24
965 24
965 23
965 22
964 22
963 22
963 23
962 23
962 24
961 24
961 25
960 25
960 24
960 23
961 23
961 22
960 22
959 22
958 22
957 22
956 22
956 21
955 21
955 22
954 22
954 21
953 21
952 21
951 21
950 21
949 21
949 20
948 20
948 21
948 22
947 22
947 21
946 21
946 20
946 19
946 18
945 18
944 18
944 17
944 16
944 15
943 15
942 15
941 15
941 14
941 13
942 13
942 12
941 12
941 11
940 11
940 12
940 13
939 13
939 14
940 14
940 15
939 15
938 15
938 16
937 16
937 17
936 17
935 17
934 17
934 16
935 16
935 15
936 15
937 15
937 14
938 14
938 13
938 12
937 12
937 13
936 13
936 14
935 14
935 13
934 13
934 14
933 14
933 15
933 16
932 16
932 17
931 17
930 17
930 18
931 18
932 18
933 18
933 19
934 19
934 20
933 20
933 21
932 21
932 20
931 20
931 21
930 21
930 20
929 20
929 19
929 18
929 17
929 16
930 16
930 15
929 15
929 14
928 14
927 14
927 15
927 16
928 16
928 17
927 17
926 17
925 17
924 17
923 17
923 18
922 18
922 19
921 19
921 18
921 17
921 16
920 16
920 15
920 14
921 14
922 14
922 13
922 12
922 11
921 11
920 11
920 10
921 10
922 10
923 10
923 11
924 11
924 12
924 13
925 13
926 13
927 13
927 12
927 11
926 11
925 11
925 10
925 9
925 8
924 8
924 7
924 6
924 5
923 5
922 5
922 6
922 7
923 7
923 8
923 9
922 9
921 9
921 8
920 8
920 9
919 9
919 10
919 11
918 11
918 12
917 12
916 12
915 12
914 12
914 11
914 10
913 10
913 11
912 11
912 12
913 12
913 13
912 13
912 14
911 14
910 14
909 14
909 13
909 12
908 12
908 13
907 13
907 12
906 12
906 13
906 14
905 14
904 14
903 14
903 13
902 13
902 14
902 15
902 16
903 16
903 15
904 15
904 16
905 16
905 17
904 17
904 18
903 18
902 18
902 19
902 20
902 21
901 21
901 22
900 22
899 22
899 23
900 23
901 23
901 24
900 24
899 24
898 24
897 24
897 25
898 25
898 26
899 26
899 27
898 27
897 27
896 27
896 28
896 29
896 30
896 31
897 31
897 32
897 33
898 33
898 34
899 34
900 34
900 33
901 33
901 32
902 32
902 31
903 31
904 31
904 30
903 30
903 29
902 29
902 30
901 30
900 30
899 30
899 29
900 29
901 29
901 28
902 28
902 27
902 26
901 26
901 27
900 27
900 26
900 25
901 25
902 25
902 24
902 23
902 22
903 22
904 22
904 21
903 21
903 20
903 19
904 19
905 19
905 18
906 18
906 19
907 19
908 19
909 19
909 18
909 17
910 17
910 18
911 18
911 19
911 20
912 20
913 20
913 19
914 19
914 18
915 18
915 19
916 19
916 18
916 17
916 16
916 15
917 15
917 14
918 14
919 14
919 15
919 16
918 16
918 17
918 18
918 19
919 19
919 20
919 21
918 21
917 21
917 22
918 22
919 22
919 23
920 23
920 22
921 22
921 21
920 21
920 20
921 20
922 20
923 20
923 19
924 19
925 19
925 20
926 20
927 20
928 20
928 21
929 21
929 22
929 23
929 24
929 25
929 26
930 26
930 27
931 27
932 27
933 27
933 26
933 25
933 24
934 24
934 23
935 23
936 23
937 23
937 24
936 24
936 25
936 26
936 27
937 27
937 26
938 26
938 25
939 25
940 25
941 25
941 26
941 27
940 27
940 26
939 26
939 27
938 27
938 28
939 28
940 28
940 29
941 29
942 29
942 30
943 30
944 30
944 31
944 32
944 33
943 33
943 32
942 32
941 32
940 32
939 32
938 32
937 32
937 33
936 33
935 33
935 32
936 32
936 31
937 31
938 31
938 30
939 30
939 29
938 29
937 29
937 28
936 28
936 29
935 29
935 30
935 31
934 31
934 32
934 33
934 34
935 34
936 34
937 34
938 34
939 34
939 33
940 33
941 33
941 34
942 34
943 34
944 34
945 34
946 34
947 34
947 33
947 32
947 31
947 30
947 29
948 29
948 28
948 27
949 27
949 26
948 26
947 26
947 25
946 25
946 24
945 24
945 23
944 23
944 22
945 22
946 22
946 23
947 23
947 24
948 24
949 24
950 24
950 25
951 25
951 26
951 27
952 27
952 28
951 28
950 28
949 28
949 29
950 29
951 29
951 30
950 30
949 30
948 30
948 31
948 32
949 32
949 33
948 33
948 34
949 34
950 34
950 33
950 32
951 32
952 32
953 32
953 33
953 34
954 34
954 33
954 32
955 32
956 32
957 32
957 33
956 33
955 33
955 34
956 34
957 34
958 34
958 33
959 33
960 33
961 33
961 32
961 31
962 31
963 31
964 31
965 31
966 31
967 31
967 32
968 32
969 32
969 31
969 30
969 29
969 28
970 28
970 27
969 27
968 27
968 28
968 29
967 29
966 29
965 29
965 28
966 28
966 27
967 27
967 26
968 26
969 26
970 26
970 25
969 25
968 25
968 24
969 24
969 23
969 22
970 22
970 21
971 21
971 20
972 20
973 20
974 20
974 21
973 21
973 22
972 22
972 23
972 24
972 25
972 26
971 26
971 27
972 27
972 28
972 29
973 29
973 30
973 31
974 31
974 30
974 29
975 29
975 30
975 31
976 31
976 32
976 33
977 33
977 32
977 31
978 31
978 32
979 32
980 32
980 31
981 31
981 30
982 30
982 31
983 31
983 30
984 30
984 31
984 32
985 32
985 31
985 30
985 29
985 28
985 27
986 27
987 27
988 27
989 27
990 27
991 27
991 28
991 29
991 30
992 30
992 31
992 32
991 32
990 32
989 32
989 33
988 33
987 33
987 32
987 31
986 31
986 32
986 33
986 34
987 34
988 34
989 34
990 34
991 34
991 33
992 33
993 33
993 32
994 32
994 31
995 31
995 32
996 32
996 31
996 30
997 30
997 31
998 31
998 30
998 29
997 29
997 28
996 28
995 28
995 29
994 29
993 29
993 28
992 28
992 27
993 27
994 27
995 27
996 27
996 26
997 26
997 25
996 25
996 24
997 24
997 23
996 23
996 22
997 22
998 22
998 23
999 23
999 22
999 21
999 20
998 20
998 21
997 21
996 21
996 20
995 20
995 19
996 19
997 19
997 18
997 17
998 17
998 18
999 18
999 17
999 16
999 15
998 15
997 15
997 14
997 13
997 12
997 11
997 10
998 10
999 10
999 9
999 8
998 8
997 8
996 8
996 7
996 6
996 5
995 5
995 6
995 7
994 7
994 8
995 8
995 9
996 9
996 10
996 11
996 12
995 12
994 12
994 11
995 11
995 10
994 10
993 10
993 9
993 8
993 7
992 7
992 8
991 8
991 7
990 7
990 6
989 6
989 7
988 7
988 8
987 8
987 7
986 7
986 8
985 8
984 8
983 8
983 7
984 7
984 6
983 6
983 5
983 4
983 3
984 3
984 2
983 2
982 2
982 1
982 0
983 0
983 1
984 1
984 0
985 0
986 0
987 0
988 0
988 1
989 1
989 2
990 2
990 1
991 1
991 0
992 0
992 1
993 1
993 0
994 0
995 0
996 0
997 0
998 0
999 0
999 1
999 2
998 2
998 1
997 1
996 1
995 1
994 1
994 2
993 2
992 2
991 2
991 3
991 4
991 5
992 5
992 6
993 6
994 6
994 5
994 4
993 4
992 4
992 3
993 3
994 3
995 3
995 4
996 4
997 4
997 3
998 3
998 4
999 4
