0 0
0 1
1 1
1 2
0 2
0 3
0 4
0 5
0 6
1 6
2 6
3 6
3 5
2 5
2 4
1 4
1 3
2 3
3 3
3 4
4 4
4 5
5 5
5 4
6 4
7 4
7 5
8 5
8 4
9 4
9 5
10 5
10 4
10 3
10 2
11 2
11 1
10 1
9 1
9 0
10 0
11 0
12 0
12 1
13 1
13 0
14 0
14 1
15 1
16 1
16 2
16 3
17 3
17 2
18 2
19 2
19 1
18 1
17 1
17 0
18 0
19 0
20 0
21 0
22 0
22 1
22 2
21 2
21 3
22 3
23 3
24 3
24 4
23 4
23 5
23 6
23 7
23 8
24 8
25 8
25 9
24 9
24 10
25 10
25 11
26 11
27 11
27 10
28 10
28 9
29 9
29 8
29 7
28 7
28 8
27 8
27 7
27 6
26 6
25 6
25 5
26 5
27 5
27 4
28 4
28 3
29 3
30 3
30 4
30 5
29 5
28 5
28 6
29 6
30 6
30 7
30 8
30 9
31 9
31 10
32 10
32 11
31 11
31 12
32 12
32 13
31 13
30 13
30 12
29 12
29 11
28 11
28 12
27 12
26 12
25 12
24 12
24 11
23 11
23 12
22 12
21 12
21 11
21 10
22 10
23 10
23 9
22 9
21 9
21 8
22 8
22 7
21 7
21 6
22 6
22 5
21 5
21 4
20 4
20 5
20 6
19 6
19 5
18 5
18 6
17 6
17 5
16 5
16 4
15 4
14 4
13 4
12 4
12 5
11 5
11 6
12 6
13 6
13 5
14 5
15 5
15 6
15 7
16 7
16 8
15 8
15 9
14 9
14 10
14 11
15 11
15 10
16 10
16 11
17 11
17 12
18 12
18 13
17 13
16 13
16 14
17 14
17 15
18 15
18 16
17 16
16 16
15 16
15 15
15 14
14 14
13 14
13 15
13 16
13 17
12 17
12 18
11 18
11 19
11 20
11 21
10 21
9 21
9 20
10 20
10 19
10 18
9 18
9 19
8 19
8 18
7 18
7 17
7 16
7 15
6 15
5 15
5 16
6 16
6 17
5 17
4 17
4 18
5 18
6 18
6 19
5 19
5 20
4 20
4 19
3 19
3 18
3 17
2 17
1 17
1 18
0 18
0 19
0 20
1 20
2 20
3 20
3 21
3 22
3 23
4 23
5 23
6 23
6 24
6 25
7 25
7 26
8 26
9 26
9 25
9 24
10 24
11 24
12 24
12 25
12 26
12 27
12 28
11 28
11 29
12 29
13 29
13 30
12 30
11 30
11 31
12 31
13 31
13 32
13 33
12 33
12 32
11 32
10 32
10 31
10 30
10 29
10 28
9 28
8 28
8 27
7 27
7 28
7 29
6 29
5 29
5 28
4 28
4 29
4 30
5 30
5 31
5 32
4 32
3 32
3 33
2 33
1 33
0 33
0 34
1 34
2 34
3 34
4 34
5 34
5 33
6 33
7 33
7 32
6 32
6 31
6 30
7 30
8 30
9 30
9 31
9 32
9 33
9 34
10 34
10 33
11 33
11 34
12 34
13 34
14 34
15 34
15 33
14 33
14 32
15 32
15 31
16 31
16 32
16 33
16 34
17 34
17 33
18 33
19 33
19 32
19 31
19 30
19 29
19 28
18 28
18 27
19 27
20 27
20 26
19 26
18 26
18 25
17 25
16 25
16 24
15 24
15 23
15 22
16 22
16 23
17 23
17 22
17 21
17 20
16 20
16 21
15 21
15 20
14 20
14 19
15 19
16 19
17 19
17 18
17 17
18 17
19 17
19 18
18 18
18 19
18 20
18 21
18 22
18 23
19 23
19 24
19 25
20 25
20 24
20 23
20 22
19 22
19 21
20 21
21 21
22 21
22 20
22 19
21 19
20 19
20 18
21 18
22 18
22 17
21 17
21 16
21 15
22 15
23 15
23 14
24 14
25 14
26 14
27 14
27 15
28 15
28 14
28 13
29 13
29 14
29 15
30 15
30 14
31 14
32 14
33 14
33 13
34 13
34 14
35 14
35 13
36 13
36 14
37 14
37 15
38 15
38 14
38 13
38 12
38 11
37 11
36 11
36 10
36 9
36 8
35 8
35 7
36 7
37 7
37 8
38 8
38 9
39 9
40 9
41 9
41 8
40 8
40 7
40 6
40 5
39 5
39 6
38 6
37 6
36 6
35 6
35 5
34 5
34 4
34 3
33 3
33 2
34 2
35 2
36 2
36 1
35 1
34 1
34 0
35 0
36 0
37 0
38 0
39 0
40 0
41 0
42 0
43 0
43 1
43 2
44 2
45 2
45 1
45 0
46 0
46 1
47 1
47 0
48 0
48 1
48 2
47 2
47 3
46 3
45 3
44 3
43 3
42 3
41 3
40 3
40 2
41 2
42 2
42 1
41 1
40 1
39 1
38 1
38 2
38 3
38 4
39 4
40 4
41 4
42 4
42 5
42 6
41 6
41 7
42 7
42 8
43 8
43 9
42 9
42 10
41 10
40 10
39 10
39 11
40 11
40 12
41 12
41 13
41 14
40 14
40 15
39 15
39 16
40 16
40 17
40 18
40 19
41 19
42 19
43 19
43 20
42 20
41 20
40 20
39 20
38 20
37 20
37 21
36 21
36 20
36 19
37 19
38 19
38 18
38 17
38 16
37 16
36 16
36 17
37 17
37 18
36 18
35 18
35 17
34 17
33 17
32 17
32 18
31 18
31 19
30 19
30 20
30 21
31 21
31 20
32 20
32 21
33 21
34 21
34 22
33 22
32 22
31 22
30 22
30 23
29 23
28 23
28 22
28 21
27 21
26 21
26 22
26 23
26 24
26 25
25 25
25 26
26 26
26 27
27 27
27 28
28 28
29 28
29 27
29 26
28 26
28 25
27 25
27 24
28 24
29 24
29 25
30 25
31 25
31 24
31 23
32 23
33 23
34 23
35 23
35 22
36 22
36 23
37 23
37 22
38 22
38 23
39 23
39 24
38 24
38 25
38 26
38 27
38 28
37 28
37 29
38 29
39 29
39 28
40 28
40 27
39 27
39 26
40 26
40 25
40 24
40 23
40 22
39 22
39 21
40 21
41 21
42 21
43 21
44 21
44 22
44 23
43 23
43 22
42 22
41 22
41 23
42 23
42 24
42 25
42 26
42 27
43 27
43 28
44 28
44 27
44 26
45 26
45 27
45 28
46 28
46 27
46 26
46 25
46 24
45 24
45 23
46 23
46 22
46 21
45 21
45 20
46 20
46 19
46 18
46 17
46 16
47 16
47 15
46 15
45 15
44 15
44 16
44 17
44 18
43 18
42 18
41 18
41 17
42 17
42 16
42 15
43 15
43 14
43 13
43 12
44 12
44 11
45 11
45 12
45 13
45 14
46 14
47 14
48 14
48 15
48 16
48 17
48 18
48 19
48 20
47 20
47 21
47 22
47 23
48 23
48 22
49 22
49 21
49 20
49 19
49 18
49 17
49 16
49 15
49 14
49 13
49 12
48 12
48 11
49 11
49 10
48 10
47 10
47 11
47 12
47 13
46 13
46 12
46 11
46 10
45 10
45 9
46 9
46 8
45 8
45 7
45 6
45 5
46 5
47 5
47 6
46 6
46 7
47 7
48 7
48 8
48 9
49 9
49 8
49 7
49 6
48 6
48 5
49 5
49 4
